Resolution,1920,1080,Distance,58.5,Width,47.5,Subject,AURA33,Test,CA9-04282017-092723,Calibration,CA9-04282017-092723,Analizer, 1.0.0
Time(ms),GazeX(deg),GazeY(deg),StimulusX(deg),StimulusY(deg),GazeVelX(deg/s),GazeVelY(deg/s),ErrorX(deg),ErrorY(deg),PupilArea(px^2),GazeRawX(deg),GazeRawY(deg),Blinks
0,-22.3838,12.3103,-21.6791,12.4024,0,0,-0.704783,-0.0920589,5616.86,-22.3912,12.3543,0
12,-22.3838,12.3103,-21.6791,12.4024,0,0,-0.704783,-0.0920589,5616.86,-22.3138,11.9554,0
20,-22.3739,12.2687,-21.6791,12.4024,1.24573,-5.20294,-0.694817,-0.133682,5616.86,-22.4584,12.2663,0
32,-22.3039,12.2811,-21.6791,12.4024,5.82838,1.03861,-0.624877,-0.121219,5616.86,-22.1742,12.2909,0
41,-22.2571,12.2907,-21.6791,12.4024,5.19977,1.06224,-0.578079,-0.111659,5634.81,-21.9511,12.3262,0
51,-22.2551,12.2907,-21.6791,12.4024,0.199734,-0.00324287,-0.576082,-0.111691,5640.99,-22.2975,12.3257,0
59,-22.2547,12.281,-21.6791,12.4024,0.0531894,-1.20742,-0.575656,-0.121351,5644.51,-22.3032,12.417,0
71,-22.2819,12.2814,-21.6791,12.4024,-2.26796,0.0349666,-0.602872,-0.120931,5646.05,-22.2112,12.2617,0
79,-22.2875,12.2843,-21.6791,12.4024,-0.697352,0.362869,-0.60845,-0.118028,5646.26,-22.3751,11.4851,0
92,-22.2877,12.2847,-21.6791,12.4024,-0.0182919,0.0304053,-0.608688,-0.117633,5646.14,-22.3877,12.4262,0
101,-22.2895,12.2907,-21.6791,12.4024,-0.191389,0.66462,-0.610411,-0.111651,5646.26,-22.022,12.3606,0
114,-22.3055,12.2877,-21.6791,12.4024,-1.23079,-0.230094,-0.626411,-0.114643,5646.54,-22.3473,12.6913,0
122,-22.3076,12.2896,-21.6791,12.4024,-0.263948,0.240631,-0.628523,-0.112718,5646.64,-22.2113,12.4951,0
134,-22.3388,12.3363,-21.6791,12.4024,-2.59884,3.89208,-0.659709,-0.0660127,5646.53,-22.3001,12.0307,0
142,-22.3171,12.3283,-21.6791,12.4024,2.71305,-1.00731,-0.638004,-0.0740712,5646.41,-22.3984,12.1948,0
154,-22.2679,12.2881,-21.6791,12.4024,4.09855,-3.35117,-0.588822,-0.114285,5646.36,-22.4303,12.3746,0
162,-22.321,12.2759,-21.6791,12.4024,-6.6458,-1.52532,-0.641988,-0.126488,5646.47,-21.9392,12.3439,0
174,-22.2546,12.3108,-21.6791,12.4024,5.53872,2.90935,-0.575523,-0.0915756,5647.29,-21.9628,12.351,0
182,-22.2218,12.3642,-21.6791,12.4024,4.09313,6.68207,-0.542778,-0.0381191,5650.37,-22.3193,12.3143,0
194,-22.2144,12.3294,-21.6791,12.4024,0.620179,-2.90569,-0.535336,-0.0729874,5657.67,-22.2083,12.4168,0
206,-22.2173,12.3271,-21.6791,12.4024,-0.24302,-0.190457,-0.538252,-0.0752729,5670.02,-22.1726,12.4119,0
214,-22.2555,12.3175,-21.6791,12.4024,-4.77624,-1.19612,-0.576462,-0.0848419,5684.87,-22.2655,12.2255,0
225,-22.2234,12.2826,-21.6791,12.4024,2.91823,-3.17243,-0.544362,-0.119739,5696.47,-22.1638,12.1503,0
233,-22.2182,12.2554,-21.6791,12.4024,0.648725,-3.40568,-0.539172,-0.146984,5701.99,-22.544,11.4182,0
245,-22.2309,12.2511,-21.6791,12.4024,-1.05355,-0.354212,-0.551815,-0.151235,5703.23,-22.2254,12.3516,0
253,-22.2311,12.2396,-21.6791,12.4024,-0.0293892,-1.43899,-0.55205,-0.162747,5701.65,-21.9652,12.4185,0
265,-22.2653,12.2321,-21.6791,12.4024,-2.84551,-0.623124,-0.586196,-0.170224,5695.51,-22.5486,11.5014,0
273,-22.2606,12.2321,-21.6791,12.4024,0.580966,-0.00240457,-0.581548,-0.170243,5683.59,-22.346,12.5279,0
285,-22.2566,12.2099,-21.6791,12.4024,0.331317,-1.85172,-0.577572,-0.192464,5668.93,-22.2607,12.1787,0
293,-22.2534,12.1869,-21.6791,12.4024,0.398281,-2.87579,-0.574386,-0.21547,5656.67,-22.2607,12.1787,2
305,-22.2666,12.1777,-21.6791,12.4024,-1.09944,-0.764477,-0.587579,-0.224644,5649.13,-21.2671,10.4825,0
313,-22.284,12.1739,-21.6791,12.4024,-2.16986,-0.473656,-0.604938,-0.228433,5645.12,-16.3005,1.7347,0
325,-22.6594,12.0969,-21.6791,12.4024,-31.2804,-6.41476,-0.980303,-0.30541,5643.42,-22.8197,10.3161,0
333,-22.5599,12.1174,-21.6791,12.4024,12.4277,2.55464,-0.880881,-0.284973,5644.6,-23.7528,15.2136,0
345,-22.5548,12.1184,-21.6791,12.4024,0.425348,0.0873558,-0.875777,-0.283925,5652.36,-23.7528,15.2136,2
353,-22.5294,12.1237,-21.6791,12.4024,3.17729,0.652362,-0.850358,-0.278706,5672.74,-21.833,11.1873,0
365,-21.9437,12.2433,-21.6791,12.4024,48.8072,9.96898,-0.264672,-0.159078,5705.06,-21.6503,12.179,0
373,-21.8198,12.2685,-21.6791,12.4024,15.4968,3.1463,-0.140698,-0.133908,5737.44,-21.5773,11.9194,0
385,-21.7682,12.2788,-21.6791,12.4024,4.29461,0.865081,-0.0891624,-0.123527,5759.63,-21.8104,12.3551,0
393,-21.7368,12.2837,-21.6791,12.4024,3.92258,0.60438,-0.0577818,-0.118692,5772.54,-21.7951,12.7121,0
405,-21.7342,12.2841,-21.6791,12.4024,0.216165,0.0382071,-0.0551878,-0.118233,5781.73,-21.7659,12.3637,0
413,-21.7361,12.2838,-21.6791,12.4024,-0.231888,-0.0372848,-0.0570429,-0.118532,5791.36,-21.6757,12.2844,0
425,-21.7304,12.2871,-21.6791,12.4024,0.477036,0.276077,-0.0513185,-0.115219,5802.8,-21.7215,12.3093,0
433,-21.7377,12.295,-21.6791,12.4024,-0.915719,0.979111,-0.0586442,-0.107386,5813.61,-21.7912,12.1557,0
445,-21.7305,12.3047,-21.6791,12.4024,0.597705,0.807977,-0.0514718,-0.0976901,5820.73,-21.6371,12.3699,0
457,-21.7071,12.3094,-21.6791,12.4024,1.95109,0.395019,-0.0280587,-0.0929499,5824.37,-21.8685,12.2746,0
465,-21.6615,12.3098,-21.6791,12.4024,5.70104,0.0506453,0.0175496,-0.0925447,5826.36,-21.7281,12.3174,0
477,-21.6326,12.2873,-21.6791,12.4024,2.41125,-1.87316,0.0464847,-0.115023,5827.6,-21.5793,12.2125,0
485,-21.6019,12.1589,-21.6791,12.4024,3.83355,-16.0508,0.0771531,-0.243429,5828.46,-21.6187,11.8643,0
497,-21.5819,12.1559,-21.6791,12.4024,1.66427,-0.254553,0.0971243,-0.246484,5829.29,-21.5995,12.449,0
505,-21.5701,12.1305,-21.6791,12.4024,1.4795,-3.17595,0.10896,-0.271892,5830.2,-21.5285,11.8142,0
517,-21.5765,12.128,-21.6791,12.4024,-0.530052,-0.208953,0.1026,-0.274399,5830.99,-21.5739,12.3928,0
525,-21.5783,12.1283,-21.6791,12.4024,-0.230496,0.0484228,0.100756,-0.274012,5831.86,-21.4979,12.0686,0
537,-21.6148,12.1384,-21.6791,12.4024,-3.04093,0.840573,0.0642645,-0.263925,5833.72,-21.6921,12.3497,0
545,-21.6477,12.1337,-21.6791,12.4024,-4.11547,-0.590796,0.0313407,-0.268651,5837.04,-21.6474,11.9265,0
557,-21.6441,12.0773,-21.6791,12.4024,0.297433,-4.70031,0.0349099,-0.325055,5840.69,-21.6357,12.0686,0
565,-21.6441,12.0711,-21.6791,12.4024,0.00345854,-0.773737,0.0349376,-0.331245,5843.61,-21.8694,12.212,0
577,-21.662,12.0675,-21.6791,12.4024,-1.49291,-0.30232,0.0170226,-0.334873,5846.47,-21.7342,12.0647,0
585,-21.667,12.0757,-21.6791,12.4024,-0.619878,1.02603,0.0120636,-0.326664,5850.68,-21.3861,12.0786,0
597,-21.6874,12.1975,-21.6791,12.4024,-1.70053,10.1519,-0.00834283,-0.204841,5856.4,-21.758,12.3465,0
605,-21.6875,12.2059,-21.6791,12.4024,-0.0168721,1.05183,-0.0084778,-0.196426,5861.98,-21.8017,12.459,0
617,-21.6708,12.2787,-21.6791,12.4024,1.393,6.06334,0.00823815,-0.123666,5865.62,-21.6252,12.3316,0
625,-21.6816,12.3509,-21.6791,12.4024,-1.34791,9.03104,-0.00254516,-0.0514179,5866.68,-21.8792,11.8686,0
637,-21.6893,12.405,-21.6791,12.4024,-0.642859,4.50882,-0.0102595,0.00268796,5866.38,-21.6475,12.2186,0
645,-21.6516,12.3424,-21.6791,12.4024,4.70975,-7.83239,0.0274185,-0.0599712,5866.24,-21.4608,12.6858,0
657,-21.7009,12.2969,-21.6791,12.4024,-4.10185,-3.78836,-0.0218037,-0.105432,5866.85,-21.7899,12.506,0
665,-21.6105,12.319,-21.6791,12.4024,11.2952,2.75625,0.0685582,-0.0833815,5868.78,-21.4094,12.3831,0
677,-21.6148,12.4312,-21.6791,12.4024,-0.362352,9.34807,0.06421,0.0287953,5872.14,-21.7957,12.2475,0
685,-21.6818,12.3001,-21.6791,12.4024,-8.3701,-16.3791,-0.00275076,-0.102238,5876.41,-21.5083,12.0721,0
697,-21.6176,12.207,-21.6791,12.4024,5.35159,-7.763,0.0614683,-0.195394,5882.43,-21.6732,12.5572,0
709,-21.6136,12.1999,-21.6791,12.4024,0.33458,-0.588879,0.0654833,-0.20246,5894.6,-21.7113,12.092,0
717,-21.5905,12.1327,-21.6791,12.4024,2.88017,-8.39878,0.0885247,-0.26965,5914.03,-21.6021,12.1246,0
729,-21.6115,12.2718,-21.6791,12.4024,-1.75015,11.5899,0.0675228,-0.130572,5932.58,-21.5727,12.4443,0
737,-21.5721,12.2602,-21.6791,12.4024,4.93463,-1.4501,0.107,-0.142173,5943.71,-21.5758,12.1216,0
749,-21.5793,12.3342,-21.6791,12.4024,-0.605449,6.17059,0.0997345,-0.0681255,5949.12,-21.5007,12.691,0
757,-21.5134,12.4219,-21.6791,12.4024,8.23473,10.9556,0.165612,0.0195196,5952.22,-21.4511,12.405,0
769,-21.4589,12.4518,-21.6791,12.4024,4.54805,2.4949,0.220189,0.0494583,5954.35,-21.7022,12.2647,0
777,-21.3887,12.5098,-21.6791,12.4024,8.76695,7.24855,0.290324,0.107447,5955.91,-21.3116,12.5272,0
789,-21.3147,12.5266,-21.6791,12.4024,6.16695,1.39851,0.364328,0.124229,5957.78,-21.3116,12.5272,1
797,-21.3116,12.5272,-21.6791,12.4024,0.391035,0.0786056,0.367456,0.124858,5960.94,-21.3116,12.5272,1
809,-21.3116,12.5272,-21.6791,12.4024,2.21101e-05,4.44331e-06,0.367456,0.124858,5964.51,-21.3116,12.5272,1
817,-21.3116,12.5272,-21.6791,12.4024,0,0,0.367456,0.124858,5966.75,-21.3116,12.5272,1
829,-21.3116,12.5272,-21.6791,12.4024,0,0,0.367456,0.124858,5967.49,-21.3116,12.5272,1
837,-21.3116,12.5272,-21.6791,12.4024,0,0,0.367456,0.124858,5967.62,-21.3116,12.5272,1
849,-21.3116,12.5272,-21.6791,12.4024,0,0,0.367456,0.124858,5967.63,-21.3116,12.5272,1
857,-21.3116,12.5272,-21.6791,12.4024,0,0,0.367456,0.124858,5967.63,-21.3116,12.5272,1
869,-21.3116,12.5272,-21.6791,12.4024,0,0,0.367456,0.124858,5967.63,-21.3116,12.5272,1
877,-21.3116,12.5272,-21.6791,12.4024,0,0,0.367456,0.124858,5967.63,-21.3116,12.5272,1
889,-21.3116,12.5272,-21.6791,12.4024,0,0,0.367456,0.124858,5967.63,-21.3116,12.5272,1
897,-21.3116,12.5272,-21.6791,12.4024,0,0,0.367456,0.124858,5967.52,-21.3116,12.5272,1
909,-21.3116,12.5272,-21.6791,12.4024,0,0,0.367456,0.124858,5966.92,-21.3116,12.5272,1
917,-21.3116,12.5272,-21.6791,12.4024,0,0,0.367456,0.124858,5965.2,-21.3116,12.5272,1
929,-21.3116,12.5272,-21.6791,12.4024,0,0,0.367456,0.124858,5962.78,-21.3116,12.5272,1
937,-21.3116,12.5272,-21.6791,12.4024,0,0,0.367456,0.124858,5961.12,-21.3116,12.5272,1
949,-21.3116,12.5272,-21.6791,12.4024,0,0,0.367456,0.124858,5960.96,-21.3116,12.5272,1
961,-21.3116,12.5272,-21.6791,12.4024,0,0,0.367456,0.124858,5962.59,-21.3116,12.5272,1
969,-21.3114,12.526,-21.6791,12.4024,0.0249652,-0.149373,0.367656,0.123663,5966.3,-21.3116,12.5272,1
981,-21.3065,12.4964,-21.6791,12.4024,0.412028,-2.46566,0.3726,0.0940748,5970.73,-21.4568,12.1825,0
989,-21.2998,12.4343,-21.6791,12.4024,0.834749,-7.76094,0.379278,0.0319873,5973.56,-21.2084,12.4256,0
1001,-21.3621,12.2805,-21.6791,12.4024,-5.19397,-12.8197,0.316951,-0.12185,5974.51,-21.3786,11.9543,0
1009,-21.4444,12.1909,-21.6791,12.4024,-10.2889,-11.2051,0.23464,-0.21149,5974.72,-21.4298,11.8265,0
1021,-21.4951,12.1569,-21.6791,12.4024,-4.22329,-2.83027,0.18396,-0.245453,5975.02,-21.5626,12.1197,0
1029,-21.4991,12.1552,-21.6791,12.4024,-0.498203,-0.215018,0.179975,-0.247174,5975.82,-21.6715,12.1883,0
1041,-21.5433,12.1481,-21.6791,12.4024,-3.6812,-0.591066,0.1358,-0.254266,5977.01,-21.4877,11.9406,0
1049,-21.5625,12.1868,-21.6791,12.4024,-2.40571,4.83563,0.116555,-0.215581,5978.17,-21.3156,12.3825,0
1061,-21.5772,12.2055,-21.6791,12.4024,-1.22795,1.56391,0.101819,-0.196814,5979.71,-21.6979,11.373,0
1069,-21.5781,12.1848,-21.6791,12.4024,-0.108824,-2.587,0.100949,-0.21751,5982.32,-21.6177,12.1563,0
1081,-21.5757,12.1686,-21.6791,12.4024,0.204056,-1.35669,0.103397,-0.233791,5985.44,-21.5829,12.2491,0
1089,-21.5694,12.1219,-21.6791,12.4024,0.787087,-5.83507,0.109694,-0.280471,5987.78,-21.5161,12.1444,0
1101,-21.554,12.1215,-21.6791,12.4024,1.27633,-0.0332707,0.12501,-0.280871,5988.58,-21.5299,12.0862,0
1109,-21.5479,12.0889,-21.6791,12.4024,0.763299,-4.07955,0.131116,-0.313507,5988.12,-21.6257,11.8413,0
1119,-21.5427,12.0496,-21.6791,12.4024,0.528025,-3.92407,0.136397,-0.352748,5987.3,-21.5616,12.0652,0
1127,-21.5683,12.02,-21.6791,12.4024,-3.20451,-3.70018,0.11076,-0.382349,5986.4,-21.2619,12.2797,0
1139,-21.6166,12.0102,-21.6791,12.4024,-4.029,-0.815295,0.0624125,-0.392133,5985.4,-21.6342,11.9703,0
1147,-21.6229,12.0351,-21.6791,12.4024,-0.785177,3.11253,0.0561311,-0.367232,5984.59,-21.7168,11.9842,0
1159,-21.6351,12.1158,-21.6791,12.4024,-1.01226,6.71933,0.043984,-0.286601,5984.13,-21.8885,12.1952,0
1167,-21.6222,12.2201,-21.6791,12.4024,1.60902,13.0366,0.0568562,-0.182308,5983.84,-21.5982,12.397,0
1179,-21.5944,12.2419,-21.6791,12.4024,2.31515,1.82079,0.0846379,-0.160458,5983.27,-21.5605,12.2076,0
1187,-21.5932,12.2423,-21.6791,12.4024,0.157196,0.0507401,0.0858955,-0.160052,5981.59,-21.4599,12.2345,0
1199,-21.5943,12.234,-21.6791,12.4024,-0.0953962,-0.688838,0.0847507,-0.168319,5978.68,-21.8096,12.2566,0
1211,-21.6534,12.2321,-21.6791,12.4024,-4.92511,-0.159175,0.0256494,-0.170229,5976.21,-21.6478,12.1596,0
1219,-21.7006,12.2229,-21.6791,12.4024,-5.90421,-1.15458,-0.0215843,-0.179465,5976.6,-21.6067,11.4829,0
1231,-21.7019,12.2184,-21.6791,12.4024,-0.106515,-0.3768,-0.0228624,-0.183987,5981.64,-21.7153,12.3552,0
1239,-21.6929,12.1923,-21.6791,12.4024,1.12834,-3.25363,-0.0138357,-0.210016,5992.96,-21.884,12.026,0
1251,-21.5716,12.2147,-21.6791,12.4024,10.1112,1.86235,0.107498,-0.187668,6009.81,-21.4695,12.2724,0
1259,-21.1097,12.2834,-21.6791,12.4024,57.7322,8.58259,0.569356,-0.119007,6026.37,-20.8808,12.6793,0
1271,-19.8167,12.4817,-21.6791,12.4024,107.748,16.53,1.86233,0.079353,6038.04,-18.8988,12.6602,0
1279,-17.3237,12.7054,-21.6791,12.4024,311.629,27.9616,4.35536,0.303046,6046.76,-15.7294,12.7011,0
1291,-14.5118,12.8346,-21.6791,12.4024,234.321,10.768,7.16722,0.432262,6055.24,-13.1502,12.9681,0
1299,-13.1185,12.9528,-21.6791,12.4024,174.162,14.7782,8.56051,0.550488,6063.82,-12.3461,12.8685,0
1311,-12.9371,12.897,-21.6791,12.4024,15.1219,-4.65655,8.74197,0.494609,6071.68,-12.9779,12.9084,0
1319,-12.8521,12.7574,-21.6791,12.4024,10.6226,-17.4498,8.82696,0.35501,6077.04,-12.8511,12.6395,0
1331,-12.8055,12.6593,-21.6791,12.4024,3.88061,-8.17342,8.87352,0.256929,6079.17,-12.7989,12.5573,0
1339,-12.7976,12.626,-21.6791,12.4024,0.988914,-4.16103,8.88143,0.223641,6078.63,-12.7752,12.6871,0
1351,-12.7612,12.5942,-21.6791,12.4024,3.03278,-2.64833,8.91783,0.191861,6075.38,-12.6961,12.42,0
1359,-12.698,12.5528,-21.6791,12.4024,7.90249,-5.17369,8.98105,0.150472,6070.33,-12.651,12.5242,0
1371,-12.6848,12.4888,-21.6791,12.4024,1.09779,-5.33189,8.99422,0.0864889,6066.24,-12.5518,12.6175,0
1379,-12.6692,12.4445,-21.6791,12.4024,1.95864,-5.54305,9.00989,0.0421445,6063.4,-12.5452,12.4231,0
1391,-12.6692,12.4365,-21.6791,12.4024,0.000710645,-0.664825,9.0099,0.0341666,6059.2,-12.7035,12.3301,0
1399,-12.706,12.4285,-21.6791,12.4024,-4.60127,-0.999279,8.97309,0.0261724,6052.94,-12.6935,12.4073,0
1411,-12.7129,12.4029,-21.6791,12.4024,-0.579508,-2.13754,8.96613,0.000521872,6046.26,-12.73,12.3928,0
1419,-12.7132,12.4036,-21.6791,12.4024,-0.0299754,0.0883975,8.96589,0.00122905,6040.38,-12.6896,12.5031,0
1431,-12.7136,12.4469,-21.6791,12.4024,-0.034397,3.61005,8.96548,0.0445496,6035.66,-12.6578,12.1814,0
1439,-12.7202,12.4922,-21.6791,12.4024,-0.830019,5.6584,8.95884,0.0898168,6031.48,-12.8665,12.4534,0
1451,-12.7168,12.53,-21.6791,12.4024,0.284228,3.15485,8.96225,0.127675,6025.14,-13.4778,12.3981,0
1463,-12.761,12.8509,-21.6791,12.4024,-3.68427,26.7393,8.91804,0.448547,6010.92,-16.2196,12.5373,0
1471,-12.8091,13.1765,-21.6791,12.4024,-6.01361,40.6974,8.86993,0.774126,5981.45,-18.8558,12.1397,0
1483,-12.8112,13.1902,-21.6791,12.4024,-0.169689,1.14279,8.8679,0.787839,5931.05,-20.5422,11.907,0
1491,-12.673,13.1878,-21.6791,12.4024,17.2678,-0.300235,9.00604,0.785437,5853.82,-21.4836,12.1761,0
1499,-9.21146,13.1241,0,12.4024,432.695,-7.95876,-9.21146,0.721767,5755.61,2.22056,12.5702,0
1511,-2.58734,12.8998,0,12.4024,552.01,-18.6964,-2.58734,0.49741,5667.31,2.5501,12.9196,0
1519,0.796792,12.7502,0,12.4024,423.017,-18.6963,0.796792,0.34784,5614.47,2.58305,13.0238,0
1531,0.939282,12.7009,0,12.4024,11.8742,-4.1075,0.939282,0.29855,5592.23,2.34829,12.9843,0
1539,0.945858,12.6534,0,12.4024,0.822036,-5.9374,0.945858,0.25105,5584.96,2.44822,12.8175,0
1551,0.950293,12.6213,0,12.4024,0.369573,-2.67591,0.950293,0.21894,5583.23,2.68193,12.8193,0
1559,0.950476,12.62,0,12.4024,0.0228745,-0.165673,0.950476,0.217614,5583.15,2.65198,12.8877,0
1571,0.950412,12.6204,0,12.4024,-0.00535285,0.0387694,0.950412,0.218079,5583.67,2.55408,12.6729,0
1579,0.948502,12.6343,0,12.4024,-0.238747,1.72896,0.948502,0.231911,5584.74,2.78879,12.9902,0
1591,0.925611,12.7198,0,12.4024,-1.90757,7.12651,0.925611,0.317429,5586.59,1.46927,12.8346,0
1599,0.621905,12.9886,0,12.4024,-37.9633,33.6007,0.621905,0.586235,5589.89,0.315722,13.2388,0
1611,0.25064,13.191,0,12.4024,-30.9388,16.8685,0.25064,0.788657,5595.29,-0.430537,13.1548,0
1619,0.0887849,13.2099,0,12.4024,-20.2319,2.36155,0.0887849,0.807549,5603.15,-0.222472,13.2029,0
1631,0.0436899,13.2134,0,12.4024,-3.75792,0.293541,0.0436899,0.811072,5612.97,0.167322,13.1591,0
1639,0.00903224,13.2083,0,12.4024,-4.33221,-0.645965,0.00903224,0.805904,5623.67,0.136642,13.3293,0
1651,0.00702246,13.212,0,12.4024,-0.167482,0.309573,0.00702246,0.809619,5634.91,-0.154131,13.3279,0
1659,0.0101772,13.1768,0,12.4024,0.39434,-4.39217,0.0101772,0.774481,5646.37,0.030488,13.0407,0
1671,-0.0277803,13.1388,0,12.4024,-3.16312,-3.17367,-0.0277803,0.736397,5656.87,-0.0947032,13.236,0
1679,-0.063569,13.0559,0,12.4024,-4.47359,-10.3563,-0.063569,0.653547,5665.54,-0.0610457,13.0622,0
1691,-0.0834028,13.0328,0,12.4024,-1.65282,-1.92944,-0.0834028,0.630394,5672.25,-0.0981599,13.0224,0
1699,-0.119638,13.0341,0,12.4024,-4.52945,0.162641,-0.119638,0.631695,5678.11,-0.158321,12.8306,0
1711,-0.139696,12.9785,0,12.4024,-1.67148,-4.62735,-0.139696,0.576166,5685.61,-0.146154,12.7913,0
1723,-0.133651,12.9275,0,12.4024,0.503788,-4.24834,-0.133651,0.525186,5696.29,-0.134316,13.0355,0
1731,-0.123887,12.864,0,12.4024,1.22044,-7.9383,-0.123887,0.46168,5708.8,-0.237156,12.7308,0
1743,-0.103896,12.8708,0,12.4024,1.66594,0.562326,-0.103896,0.468428,5720.1,-0.0872407,12.9387,0
1751,-0.0491516,12.9613,0,12.4024,6.84303,11.312,-0.0491516,0.558924,5728.23,0.0143747,12.8112,0
1763,0.0152665,12.9004,0,12.4024,5.36817,-5.07764,0.0152665,0.497992,5732.99,0.0165744,13.0027,0
1771,0.0369012,12.9503,0,12.4024,2.70434,6.23763,0.0369012,0.547893,5735.52,0.0408902,13.0629,0
1783,0.0494951,12.9759,0,12.4024,1.04949,2.13659,0.0494951,0.573532,5737.89,0.0724475,12.8432,0
1791,0.0501416,12.977,0,12.4024,0.0808187,0.132768,0.0501416,0.574595,5741.84,0.0514043,12.9457,0
1803,0.0530587,12.977,0,12.4024,0.243094,0.002721,0.0530587,0.574627,5747.95,0.10888,13.1571,0
1811,0.0521678,12.9605,0,12.4024,-0.111365,-2.05691,0.0521678,0.558172,5755.69,0.0226744,12.8506,0
1823,0.0343544,12.9868,0,12.4024,-1.48445,2.18715,0.0343544,0.584418,5763.34,0.0864535,13.0152,0
1831,0.012228,13.0022,0,12.4024,-2.7658,1.93417,0.012228,0.599891,5770.36,-0.0340928,12.9566,0
1843,0.0114635,13.0047,0,12.4024,-0.0637095,0.207382,0.0114635,0.60238,5777.87,0.0210897,13.0049,0
1851,0.0147561,13.048,0,12.4024,0.411573,5.40396,0.0147561,0.645611,5785.15,-0.0488851,13.3121,0
1863,-0.000856371,13.0705,0,12.4024,-1.30104,1.87832,-0.000856371,0.668151,5790,0.0754798,13.2315,0
1871,-0.00398145,13.071,0,12.4024,-0.390635,0.0623958,-0.00398145,0.66865,5792.04,0.0101555,13.093,0
1883,-0.0634676,13.0594,0,12.4024,-4.95718,-0.966987,-0.0634676,0.657046,5792.61,-0.222708,12.9754,0
1891,-0.16271,13.0059,0,12.4024,-12.4053,-6.68912,-0.16271,0.603533,5797.14,-0.222708,12.9754,1
1903,-0.220357,12.9766,0,12.4024,-4.80394,-2.44169,-0.220357,0.574233,5825.96,-0.222708,12.9754,1
1911,-0.222708,12.9754,0,12.4024,-0.293831,-0.14842,-0.222708,0.573046,5918.96,-0.222708,12.9754,1
1923,-0.222708,12.9754,0,12.4024,-1.66123e-05,-8.39112e-06,-0.222708,0.573046,6084.34,-0.222708,12.9754,1
1931,-0.222708,12.9754,0,12.4024,0,0,-0.222708,0.573046,6249.43,-0.222708,12.9754,1
1943,-0.222708,12.9754,0,12.4024,0,0,-0.222708,0.573046,6341.82,-0.222708,12.9754,1
1951,-0.222708,12.9754,0,12.4024,0,0,-0.222708,0.573046,6370.15,-0.222708,12.9754,1
1963,-0.222708,12.9754,0,12.4024,0,0,-0.222708,0.573046,6374.77,-0.222708,12.9754,1
1975,-0.222708,12.9754,0,12.4024,0,0,-0.222708,0.573046,6372.87,-0.222708,12.9754,1
1983,-0.222708,12.9754,0,12.4024,0,0,-0.222708,0.573046,6355.74,-0.222708,12.9754,1
1995,-0.222708,12.9754,0,12.4024,0,0,-0.222708,0.573046,6293.2,-0.222708,12.9754,1
2003,-0.222708,12.9754,0,12.4024,0,0,-0.222708,0.573046,6162.33,-0.222708,12.9754,1
2015,-0.222708,12.9754,0,12.4024,0,0,-0.222708,0.573046,5998.29,-0.222708,12.9754,1
2023,-0.222708,12.9754,0,12.4024,0,0,-0.222708,0.573046,5873.45,-0.222708,12.9754,1
2035,-0.209839,12.9742,0,12.4024,1.07242,-0.0969064,-0.209839,0.571883,5816.23,-0.222708,12.9754,1
2043,0.107056,12.9489,0,12.4024,39.6119,-3.17284,0.107056,0.5465,5801.19,1.1627,12.8369,0
2055,0.676035,12.974,0,12.4024,47.4149,2.09388,0.676035,0.571627,5800.75,1.05226,12.8604,0
2063,0.938948,13.0153,0,12.4024,32.8641,5.16375,0.938948,0.612937,5806.53,1.03811,13.0842,0
2075,0.949236,13.0186,0,12.4024,0.857314,0.275702,0.949236,0.616245,5817.22,0.970314,12.9867,0
2083,0.942782,13.0554,0,12.4024,-0.806773,4.59713,0.942782,0.653022,5829.39,0.858622,13.0707,0
2095,0.905564,13.0957,0,12.4024,-3.10144,3.35907,0.905564,0.693331,5841.08,0.871194,13.2205,0
2103,0.88044,13.0934,0,12.4024,-3.14051,-0.281355,0.88044,0.69108,5853.59,0.972734,13.3028,0
2115,0.854847,13.089,0,12.4024,-2.13278,-0.369264,0.854847,0.686649,5865.75,0.79518,12.979,0
2123,0.85415,13.0861,0,12.4024,-0.087145,-0.368053,0.85415,0.683705,5874.99,0.740322,12.9794,0
2135,0.858827,13.0857,0,12.4024,0.389739,-0.0301563,0.858827,0.683343,5881.45,0.722307,13.0416,0
2143,0.969948,13.0805,0,12.4024,13.8901,-0.646725,0.969948,0.678169,5886.23,1.10056,13.0988,0
2155,1.09021,13.0877,0,12.4024,10.0216,0.600071,1.09021,0.68537,5890.19,1.16335,13.2262,0
2163,1.10668,13.1026,0,12.4024,2.05899,1.85635,1.10668,0.70022,5893.64,1.14904,13.0642,0
2175,1.10636,13.107,0,12.4024,-0.0268088,0.368966,1.10636,0.704648,5896.87,1.09179,13.0556,0
2183,1.09075,13.1582,0,12.4024,-1.95126,6.39841,1.09075,0.755835,5900.76,0.975565,13.0877,0
2195,1.03802,13.1596,0,12.4024,-4.39401,0.113306,1.03802,0.757195,5905.13,1.13943,13.3332,0
2203,0.697768,13.2627,0,12.4024,-42.5313,12.8888,0.697768,0.860305,5908.36,0.400028,13.3589,0
2215,0.0937585,13.2275,0,12.4024,-50.3341,-2.92819,0.0937585,0.825167,5910.55,-0.279048,13.2197,0
2227,-0.195091,13.1815,0,12.4024,-24.0708,-3.83445,-0.195091,0.779154,5913.8,-0.2077,13.0224,0
2235,-0.206108,13.1756,0,12.4024,-1.37712,-0.733492,-0.206108,0.773286,5917.9,-0.497148,13.2315,0
2247,-0.191471,13.0868,0,12.4024,1.21974,-7.40534,-0.191471,0.684422,5920.88,-0.136019,12.9986,0
2255,-0.14579,13.0905,0,12.4024,5.71007,0.460531,-0.14579,0.688106,5922.2,-0.0577613,13.0347,0
2267,-0.143808,13.0908,0,12.4024,0.165193,0.0280925,-0.143808,0.688443,5922.65,-0.026328,13.0636,0
2275,-0.145089,13.091,0,12.4024,-0.160078,0.0199754,-0.145089,0.688603,5923.07,-0.343526,13.1969,0
2287,-0.176207,13.0943,0,12.4024,-2.59323,0.27742,-0.176207,0.691932,5924.04,-0.203526,13.0354,0
2295,-0.22927,13.1268,0,12.4024,-6.63289,4.06777,-0.22927,0.724474,5926.34,-0.464566,13.1888,0
2307,-0.263609,13.1229,0,12.4024,-2.86153,-0.331316,-0.263609,0.720498,5930.29,-0.222959,13.0451,0
2315,-0.287959,13.1184,0,12.4024,-3.04374,-0.552118,-0.287959,0.716081,5934.35,-0.264859,13.2173,0
2327,-0.302478,13.1088,0,12.4024,-1.20993,-0.799962,-0.302478,0.706482,5936.67,-0.308289,12.9446,0
2335,-0.287991,13.1116,0,12.4024,1.81092,0.342714,-0.287991,0.709223,5937.25,-0.31922,13.1233,0
2347,-0.288544,13.1269,0,12.4024,-0.0461467,1.27847,-0.288544,0.724565,5936.86,-0.435767,13.0732,0
2355,-0.270453,13.1634,0,12.4024,2.26137,4.56477,-0.270453,0.761083,5936.09,-0.0687564,13.2951,0
2367,-0.228004,13.1732,0,12.4024,3.53742,0.812274,-0.228004,0.770831,5935.41,-0.184458,13.2066,0
2375,-0.206676,13.203,0,12.4024,2.66603,3.73041,-0.206676,0.800674,5934.85,-0.228505,13.2115,0
2387,-0.205103,13.2026,0,12.4024,0.131108,-0.0366258,-0.205103,0.800234,5934.3,-0.308959,13.0108,0
2395,-0.188834,13.163,0,12.4024,2.03354,-4.94301,-0.188834,0.76069,5933.98,-0.13417,13.1959,0
2407,-0.187959,13.1602,0,12.4024,0.0729556,-0.239222,-0.187959,0.75782,5934.45,-0.245063,13.3109,0
2415,-0.186195,13.1357,0,12.4024,0.220453,-3.05585,-0.186195,0.733373,5937.57,-0.0216323,13.0815,0
2427,-0.229456,13.1652,0,12.4024,-3.60508,2.45848,-0.229456,0.762874,5946.93,-0.316592,13.1874,0
2435,-0.240112,13.1679,0,12.4024,-1.33193,0.331815,-0.240112,0.765529,5962.95,-0.456361,13.184,0
2447,-0.299751,13.1875,0,12.4024,-4.96994,1.63502,-0.299751,0.785149,5978.85,-0.242704,13.0719,0
2455,-0.302999,13.1928,0,12.4024,-0.406044,0.664542,-0.302999,0.790466,5988.15,-0.195451,13.2013,0
2467,-0.302956,13.1915,0,12.4024,0.00365279,-0.106848,-0.302956,0.789183,5991.53,-0.320879,13.2154,0
2479,-0.304971,13.1896,0,12.4024,-0.167983,-0.161541,-0.304971,0.787245,5992.27,-0.0821237,13.3171,0
2487,-0.350676,13.1453,0,12.4024,-5.71314,-5.54214,-0.350676,0.742908,5991.97,-0.458186,12.9665,0
2499,-0.34676,13.1041,0,12.4024,0.326326,-3.43423,-0.34676,0.701697,5991.1,-0.409722,13.053,0
2507,-0.336435,13.0859,0,12.4024,1.29065,-2.26946,-0.336435,0.683541,5990.04,-0.37461,13.1974,0
2519,-0.333189,13.0864,0,12.4024,0.270511,0.04558,-0.333189,0.684088,5989.13,-0.248471,13.1592,0
2527,-0.268467,13.1157,0,12.4024,8.09029,3.65121,-0.268467,0.713298,5988.54,-0.214333,12.9077,0
2539,-0.243722,13.1239,0,12.4024,2.06205,0.689019,-0.243722,0.721566,5988.29,-0.33091,13.0806,0
2547,-0.215481,13.1244,0,12.4024,3.5302,0.0633782,-0.215481,0.722073,5988.25,-0.158044,13.275,0
2559,-0.105068,13.0413,0,12.4024,9.20106,-6.93158,-0.105068,0.638894,5988.78,-0.0830061,13.1939,0
2567,0.694184,13.1188,0,12.4024,99.9065,9.68887,0.694184,0.716405,5991.66,1.545,12.6995,0
2579,1.59042,12.9581,0,12.4024,74.6862,-13.391,1.59042,0.555713,6000.19,1.92129,12.8325,0
2587,1.78801,12.8264,0,12.4024,24.6991,-16.4587,1.78801,0.424043,6015.06,1.76139,12.7441,0
2599,1.83525,12.8277,0,12.4024,3.93673,0.10787,1.83525,0.425338,6030.61,1.7213,12.8613,0
2607,1.87454,12.835,0,12.4024,4.91163,0.910381,1.87454,0.432621,6040.78,1.97717,12.8181,0
2619,1.87569,12.8517,0,12.4024,0.0957545,1.39687,1.87569,0.449383,6045.93,1.90167,12.9566,0
2627,1.90974,12.8925,0,12.4024,4.25531,5.08906,1.90974,0.490096,6049.47,1.92294,12.7895,0
2639,1.9054,12.9377,0,12.4024,-0.36172,3.77207,1.9054,0.53536,6052.43,1.91787,12.9218,0
2647,1.90369,12.9654,0,12.4024,-0.212715,3.46217,1.90369,0.563058,6054.34,1.90308,12.9882,0
2659,1.90538,12.9496,0,12.4024,0.140359,-1.31666,1.90538,0.547258,6055.73,1.79789,12.96,0
2667,1.89245,12.9465,0,12.4024,-1.61655,-0.384142,1.89245,0.544185,6058.3,1.89248,13.1166,0
2679,1.87885,12.9395,0,12.4024,-1.13272,-0.587271,1.87885,0.537137,6063.92,1.90936,12.9135,0
2687,1.84653,12.8965,0,12.4024,-4.04014,-5.3709,1.84653,0.49417,6073.12,1.86541,12.8559,0
2699,1.81707,12.8781,0,12.4024,-2.45554,-1.5394,1.81707,0.475697,6083.55,1.78277,12.6248,0
2707,1.76315,12.8599,0,12.4024,-6.74003,-2.26352,1.76315,0.457589,6091.38,1.57603,12.8423,0
2719,1.76164,12.8494,0,12.4024,-0.125456,-0.881292,1.76164,0.447014,6095.07,1.91491,12.9479,0
2731,1.75038,12.8471,0,12.4024,-0.938128,-0.190185,1.75038,0.444731,6096.05,1.71905,12.8029,0
2739,1.76053,12.849,0,12.4024,1.26822,0.23833,1.76053,0.446638,6095.87,1.83801,12.8028,0
2751,1.80468,12.8331,0,12.4024,3.67894,-1.32071,1.80468,0.430789,6094.66,1.73877,12.9032,0
2759,1.86001,12.8186,0,12.4024,6.91719,-1.81692,1.86001,0.416254,6092.24,1.91392,13.0655,0
2771,1.85704,12.8444,0,12.4024,-0.247731,2.14875,1.85704,0.442039,6089.36,2.03064,12.8035,0
2779,1.77276,12.9524,0,12.4024,-10.5349,13.5041,1.77276,0.550072,6087.17,1.84163,12.732,0
2791,1.04553,12.986,0,12.4024,-60.6027,2.79971,1.04553,0.583668,6085.79,0.241068,12.9175,0
2799,0.252965,13.0061,0,12.4024,-99.0704,2.50359,0.252965,0.603697,6084.7,-0.130213,13.2041,0
2811,0.0948869,13.1138,0,12.4024,-13.1732,8.97712,0.0948869,0.711422,6083.76,0.171641,13.3503,0
2819,-0.0259068,13.1545,0,12.4024,-15.0992,5.08963,-0.0259068,0.752139,6083.47,0.080805,13.164,0
2831,-0.0326815,13.1742,0,12.4024,-0.564559,1.63825,-0.0326815,0.771798,6084.36,-0.173807,13.2227,0
2839,-0.0169106,13.2011,0,12.4024,1.97137,3.36416,-0.0169106,0.798711,6087.19,-0.178551,13.1607,0
2851,-0.013492,13.2067,0,12.4024,0.284885,0.469823,-0.013492,0.804349,6092.86,0.199598,13.1673,0
2859,0.0626616,13.2306,0,12.4024,9.51919,2.98175,0.0626616,0.828203,6101.64,0.140684,13.3433,0
2871,0.137052,13.2319,0,12.4024,6.1992,0.109435,0.137052,0.829516,6112.22,0.128003,13.2797,0
2879,0.140284,13.2311,0,12.4024,0.404025,-0.0907997,0.140284,0.82879,6121.13,0.0811685,13.0954,0
2891,0.141835,13.2142,0,12.4024,0.129212,-1.41218,0.141835,0.811844,6125.87,0.193649,13.2158,0
2899,0.122683,13.2103,0,12.4024,-2.39402,-0.487524,0.122683,0.807944,6127.43,0.105228,13.1339,0
2911,0.110606,13.2097,0,12.4024,-1.00641,-0.0487234,0.110606,0.807359,6128,0.101331,13.2383,0
2919,0.111305,13.2013,0,12.4024,0.0873704,-1.05811,0.111305,0.798894,6128.97,0.13014,13.2028,0
2931,0.113198,13.1901,0,12.4024,0.157814,-0.93315,0.113198,0.787696,6131.29,-0.0865797,13.2042,0
2939,0.120478,13.1911,0,12.4024,0.90995,0.136775,0.120478,0.788791,6135.08,0.0852135,13.1733,0
2951,0.127491,13.2002,0,12.4024,0.584429,0.752013,0.127491,0.797815,6138.8,0.120814,13.1451,0
2959,0.133873,13.1941,0,12.4024,0.797788,-0.753886,0.133873,0.791784,6140.67,0.158842,13.1402,0
2971,0.135762,13.1938,0,12.4024,0.157388,-0.0296037,0.135762,0.791428,6138.22,0.116842,13.2627,0
2983,0.138675,13.1858,0,12.4024,0.242708,-0.661677,0.138675,0.783488,6120.07,0.0413463,13.2046,0
2991,0.271603,13.1061,0,12.4024,16.6161,-9.96776,0.271603,0.703746,6059.37,-0.131219,13.1475,0
2999,3.46385,11.535,21.6791,12.4024,399.03,-196.393,-18.2152,-0.8674,5934.25,21.5105,12.5106,0
3011,13.8592,11.1376,21.6791,12.4024,866.277,-33.1093,-7.81988,-1.26471,5773,21.442,12.3546,0
3019,21.1719,12.3321,21.6791,12.4024,914.095,149.311,-0.50712,-0.0702231,5643.82,21.6749,12.4219,0
3031,21.47,12.3864,21.6791,12.4024,24.8412,4.52447,-0.209026,-0.0159294,5580.05,21.7055,12.2868,0
3039,21.4839,12.3894,21.6791,12.4024,1.73707,0.375485,-0.195129,-0.0129256,5561.08,21.5886,12.4754,0
3051,21.5,12.4064,21.6791,12.4024,1.34002,1.41317,-0.179049,0.00403243,5558.69,21.5495,12.4347,0
3059,21.5172,12.4149,21.6791,12.4024,2.15274,1.06355,-0.161827,0.0125409,5561.76,21.629,12.431,0
3071,21.5173,12.4238,21.6791,12.4024,0.00670553,0.743637,-0.161747,0.0214645,5567.94,21.6212,12.5695,0
3079,21.5147,12.4562,21.6791,12.4024,-0.330721,4.0453,-0.164392,0.0538269,5574.63,21.6227,12.6765,0
3091,21.5076,12.477,21.6791,12.4024,-0.588399,1.73373,-0.171453,0.0746317,5579.34,21.4971,12.4225,0
3099,21.4874,12.4737,21.6791,12.4024,-2.53089,-0.40725,-0.1917,0.0713737,5581.76,21.4777,12.5,0
3111,21.4871,12.4651,21.6791,12.4024,-0.0201064,-0.716261,-0.191942,0.0627785,5582.82,21.426,12.6454,0
3119,21.4894,12.4454,21.6791,12.4024,0.290306,-2.4671,-0.189619,0.0430417,5583.54,21.4786,12.428,0
3131,21.5079,12.4687,21.6791,12.4024,1.539,1.94488,-0.171151,0.0663804,5584.24,21.5771,12.2315,0
3139,21.5394,12.4767,21.6791,12.4024,3.93575,0.99768,-0.139665,0.0743618,5584.36,21.5466,12.311,0
3151,21.5507,12.5031,21.6791,12.4024,0.940123,2.19565,-0.128384,0.10071,5582.78,21.6469,12.5962,0
3159,21.568,12.4861,21.6791,12.4024,2.16986,-2.12178,-0.111025,0.0837354,5578.1,21.527,12.5043,0
3171,21.5884,12.4903,21.6791,12.4024,1.69602,0.353977,-0.0906726,0.0879831,5570.44,21.6157,12.5685,0
3179,21.587,12.5203,21.6791,12.4024,-0.172556,3.74722,-0.092053,0.117961,5562.79,21.6843,12.4566,0
3191,21.5868,12.5221,21.6791,12.4024,-0.0127375,0.14813,-0.0922059,0.119738,5557.91,21.5267,12.3307,0
3199,21.5851,12.5309,21.6791,12.4024,-0.220941,1.09915,-0.0939734,0.128532,5555.25,21.575,12.5675,0
3211,21.5724,12.4913,21.6791,12.4024,-1.05532,-3.30163,-0.106637,0.0889121,5552.84,21.5452,12.8438,0
3219,21.5596,12.5366,21.6791,12.4024,-1.60769,5.66866,-0.119499,0.134261,5550,21.5562,12.5861,0
3231,21.4929,12.5628,21.6791,12.4024,-5.55536,2.17935,-0.186163,0.160414,5547.42,21.4312,12.4469,0
3243,21.4834,12.5937,21.6791,12.4024,-0.788808,2.57984,-0.195629,0.191372,5545.64,21.327,12.5978,0
3251,21.4801,12.6127,21.6791,12.4024,-0.410078,2.3653,-0.198909,0.210294,5543.98,21.4085,12.7038,0
3263,21.4444,12.609,21.6791,12.4024,-2.98286,-0.300422,-0.234704,0.206689,5541.99,21.5277,12.8385,0
3271,21.4754,12.6682,21.6791,12.4024,3.87893,7.39824,-0.203672,0.265875,5540.07,21.5531,12.614,0
3283,21.4947,12.6576,21.6791,12.4024,1.61168,-0.886625,-0.184332,0.255235,5538.09,21.472,12.4942,0
3291,21.5032,12.5552,21.6791,12.4024,1.06469,-12.8035,-0.175815,0.152808,5534.97,21.4822,12.8191,0
3303,21.5065,12.5112,21.6791,12.4024,0.270509,-3.66662,-0.172568,0.108808,5529.6,21.5147,12.416,0
3311,21.5086,12.4582,21.6791,12.4024,0.266267,-6.62011,-0.170438,0.0558473,5522.82,21.3736,12.3272,0
3323,21.5143,12.4103,21.6791,12.4024,0.470763,-3.99225,-0.164789,0.00794026,5517.28,21.581,12.5367,0
3331,21.5201,12.3873,21.6791,12.4024,0.732167,-2.87089,-0.158932,-0.0150269,5514.03,21.5183,12.3113,0
3343,21.5324,12.3914,21.6791,12.4024,1.02367,0.338046,-0.146648,-0.0109703,5511.21,21.5215,12.4039,0
3351,21.5589,12.4578,21.6791,12.4024,3.31597,8.30426,-0.12012,0.0554638,5506.89,21.5419,12.3732,0
3363,21.5396,12.4569,21.6791,12.4024,-1.60748,-0.0798066,-0.13941,0.0545061,5501.67,21.636,12.5246,0
3371,21.5455,12.4591,21.6791,12.4024,0.735856,0.284372,-0.133523,0.0567811,5497.64,21.569,12.8188,0
3383,21.5438,12.4867,21.6791,12.4024,-0.147577,2.2938,-0.135294,0.0843067,5495.73,21.5233,12.694,0
3391,21.539,12.5212,21.6791,12.4024,-0.59864,4.31554,-0.140083,0.118831,5495.16,21.5553,12.3976,0
3403,21.4861,12.5271,21.6791,12.4024,-4.41008,0.496677,-0.193004,0.124791,5494.63,21.4436,12.4466,0
3411,21.4198,12.5152,21.6791,12.4024,-8.28459,-1.48804,-0.259281,0.112887,5492.11,21.3975,12.511,0
3423,21.3984,12.5112,21.6791,12.4024,-1.78477,-0.337564,-0.280698,0.108836,5482.92,21.3975,12.511,1
3431,21.3975,12.511,21.6791,12.4024,-0.102395,-0.0193645,-0.281517,0.108681,5459.37,21.3975,12.511,1
3443,21.3975,12.511,21.6791,12.4024,-5.78834e-06,-1.09466e-06,-0.281517,0.108681,5421.18,21.3975,12.511,1
3451,21.3975,12.511,21.6791,12.4024,0,0,-0.281517,0.108681,5384.45,21.3975,12.511,1
3463,21.3975,12.511,21.6791,12.4024,0,0,-0.281517,0.108681,5364.2,21.3975,12.511,1
3471,21.3975,12.511,21.6791,12.4024,0,0,-0.281517,0.108681,5358.04,21.3975,12.511,1
3483,21.3975,12.511,21.6791,12.4024,0,0,-0.281517,0.108681,5357.03,21.3975,12.511,1
3495,21.3975,12.511,21.6791,12.4024,0,0,-0.281517,0.108681,5356.95,21.3975,12.511,1
3503,21.3975,12.511,21.6791,12.4024,0,0,-0.281517,0.108681,5356.95,21.3975,12.511,1
3515,21.3975,12.511,21.6791,12.4024,0,0,-0.281517,0.108681,5356.95,21.3975,12.511,1
3523,21.3975,12.511,21.6791,12.4024,0,0,-0.281517,0.108681,5356.24,21.3975,12.511,1
3535,21.3975,12.511,21.6791,12.4024,0,0,-0.281517,0.108681,5352.19,21.3975,12.511,1
3543,21.3975,12.511,21.6791,12.4024,0,0,-0.281517,0.108681,5340.71,21.3975,12.511,1
3555,21.3975,12.511,21.6791,12.4024,0,0,-0.281517,0.108681,5324.46,21.3975,12.511,1
3563,21.3975,12.511,21.6791,12.4024,0,0,-0.281517,0.108681,5312.97,21.3975,12.511,1
3575,21.3975,12.511,21.6791,12.4024,0,0,-0.281517,0.108681,5309.19,21.3975,12.511,1
3583,21.3975,12.511,21.6791,12.4024,0,0,-0.281517,0.108681,5311.07,21.3975,12.511,1
3595,21.4107,12.2148,21.6791,12.4024,1.09661,-24.6897,-0.268358,-0.187596,5321.55,21.3975,12.511,1
3603,21.6657,5.21552,21.6791,12.4024,31.8817,-874.906,-0.0133047,-7.18684,5346.08,21.081,-1.99079,0
3615,21.6733,-1.58606,21.6791,12.4024,0.628477,-566.798,-0.00576301,-13.9884,5379.35,21.4037,-1.90307,0
3623,21.4965,-1.91026,21.6791,12.4024,-22.1015,-40.5254,-0.182575,-14.3126,5408.13,21.5165,-1.90407,0
3635,21.4897,-1.92975,21.6791,12.4024,-0.568816,-1.62352,-0.1894,-14.3321,5429.36,21.2466,-2.03221,0
3643,21.4908,-1.92963,21.6791,12.4024,0.147932,0.0140267,-0.188217,-14.332,5447.59,21.4106,-2.05428,0
3655,21.5194,-1.95447,21.6791,12.4024,2.38402,-2.06959,-0.159609,-14.3568,5462.82,21.5218,-1.95807,0
3663,21.5271,-1.95314,21.6791,12.4024,0.952878,0.166184,-0.151986,-14.3555,5472.38,21.615,-1.86362,0
3675,21.5259,-1.92378,21.6791,12.4024,-0.0991466,2.44709,-0.153175,-14.3261,5477.58,21.4144,-2.00203,0
3683,21.5229,-1.88007,21.6791,12.4024,-0.367078,5.46317,-0.156112,-14.2824,5482.19,21.5376,-1.81114,0
3695,21.5049,-1.87886,21.6791,12.4024,-1.5061,0.101105,-0.174185,-14.2812,5489.08,21.3237,-1.83363,0
3703,21.4763,-1.87878,21.6791,12.4024,-3.57415,0.00987312,-0.202778,-14.2811,5498.97,21.4846,-1.94431,0
3715,21.4735,-1.84771,21.6791,12.4024,-0.232894,2.58929,-0.205573,-14.2501,5509.45,21.4125,-1.98996,0
3723,21.4707,-1.75222,21.6791,12.4024,-0.348784,11.9357,-0.208363,-14.1546,5518.25,21.4318,-1.39807,0
3735,21.4919,-1.14809,21.6791,12.4024,1.76424,50.344,-0.187193,-13.5505,5526.14,21.7209,0.0558591,0
3747,21.5551,0.17113,21.6791,12.4024,5.26629,109.935,-0.123997,-12.2312,5536.02,21.517,1.2768,0
3755,21.647,1.04232,21.6791,12.4024,11.4988,108.898,-0.032007,-11.36,5551.3,21.8081,1.26195,0
3767,21.696,1.08693,21.6791,12.4024,4.07912,3.71776,0.0169425,-11.3154,5573.99,21.8778,1.12943,0
3775,21.6981,1.08576,21.6791,12.4024,0.258488,-0.146121,0.0190104,-11.3166,5600.4,21.5844,1.05799,0
3787,21.6988,1.04869,21.6791,12.4024,0.0598827,-3.08885,0.019729,-11.3537,5621.86,21.7001,1.00635,0
3795,21.6711,1.00752,21.6791,12.4024,-3.46248,-5.14714,-0.00797082,-11.3948,5633.73,21.639,1.01699,0
3807,21.6702,0.997689,21.6791,12.4024,-0.0749936,-0.819018,-0.00887075,-11.4047,5638.78,21.3668,0.858753,0
3815,21.6677,0.991459,21.6791,12.4024,-0.306555,-0.778741,-0.0113232,-11.4109,5641.17,21.6321,0.98116,0
3827,21.6681,0.988194,21.6791,12.4024,0.0321231,-0.272094,-0.0109377,-11.4142,5642.44,21.7656,0.970701,0
3835,21.676,0.982393,21.6791,12.4024,0.987792,-0.725174,-0.00303537,-11.42,5643.19,21.527,0.961637,0
3847,21.6785,0.982562,21.6791,12.4024,0.204975,0.0140964,-0.000575674,-11.4198,5644.18,21.7589,0.974847,0
3855,21.6778,0.983397,21.6791,12.4024,-0.0902753,0.104468,-0.00129788,-11.419,5645.96,21.6595,0.940086,0
3867,21.6584,1.0163,21.6791,12.4024,-1.61198,2.74204,-0.0206416,-11.3861,5648.8,21.6625,1.05507,0
3875,21.6275,1.55963,21.6791,12.4024,-3.86245,67.9163,-0.0515412,-10.8427,5652.84,21.5702,2.01966,0
3887,21.5401,3.16656,21.6791,12.4024,-7.2876,133.911,-0.138992,-9.2358,5659.53,21.4073,4.30646,0
3895,21.5592,4.80732,21.6791,12.4024,2.3984,205.095,-0.119805,-7.59504,5671.12,21.6892,6.29806,0
3907,21.6152,6.2246,21.6791,12.4024,4.66364,118.106,-0.0638415,-6.17776,5687.45,21.4752,7.95585,0
3915,21.5366,7.67552,21.6791,12.4024,-9.82961,181.366,-0.142478,-4.72684,5705.88,21.5403,8.60312,0
3927,21.5156,8.30831,21.6791,12.4024,-1.74842,52.7328,-0.163459,-4.09404,5723.47,21.5867,8.37454,0
3935,21.5124,8.3707,21.6791,12.4024,-0.404702,7.79781,-0.166697,-4.03166,5737.92,21.472,8.29481,0
3947,21.5102,8.42511,21.6791,12.4024,-0.177223,4.53459,-0.168824,-3.97725,5748.02,21.5093,8.39835,0
3955,21.5112,8.43115,21.6791,12.4024,0.121584,0.754585,-0.167851,-3.97121,5754.21,21.4834,8.83121,0
3967,21.5381,8.51869,21.6791,12.4024,2.23727,7.29542,-0.141004,-3.88366,5757.92,21.6274,8.57549,0
3975,21.6021,8.59302,21.6791,12.4024,8.012,9.29015,-0.0769077,-3.80934,5760.15,21.6758,8.63185,0
3987,21.647,8.63656,21.6791,12.4024,3.73659,3.62873,-0.0320687,-3.7658,5761.61,21.6357,8.70156,0
3999,21.6516,8.67287,21.6791,12.4024,0.381951,3.02579,-0.0274853,-3.72949,5764.47,21.8223,8.70177,0
4007,21.6412,8.82796,21.6791,12.4024,-1.29531,19.3862,-0.0378477,-3.5744,5770.12,21.6398,9.14317,0
4019,21.6348,8.92082,21.6791,12.4024,-0.530163,7.73862,-0.0442097,-3.48154,5776.07,21.5897,9.19438,0
4027,21.6341,8.92994,21.6791,12.4024,-0.0935441,1.13998,-0.0449581,-3.47242,5779.38,21.5954,8.72451,0
4039,21.6218,9.05225,21.6791,12.4024,-1.02266,10.1919,-0.05723,-3.35011,5780.16,21.7763,8.83643,0
4047,21.5944,9.09456,21.6791,12.4024,-3.43103,5.28965,-0.0846783,-3.3078,5779.66,21.5783,8.92724,0
4059,21.5709,9.45756,21.6791,12.4024,-1.95511,30.2501,-0.10814,-2.94479,5778.59,21.4527,9.87292,0
4067,21.5648,10.4718,21.6791,12.4024,-0.763032,126.778,-0.114244,-1.93057,5777.42,21.4266,11.0462,0
4079,21.5544,11.2322,21.6791,12.4024,-0.864081,63.3685,-0.124613,-1.17015,5776.24,21.6987,11.4681,0
4087,21.6785,11.4702,21.6791,12.4024,15.5065,29.7457,-0.000560618,-0.932181,5774.8,21.6575,11.6129,0
4099,21.7101,11.5334,21.6791,12.4024,2.63575,5.2652,0.0310683,-0.868999,5772.34,21.8138,11.5377,0
4107,21.7175,11.6133,21.6791,12.4024,0.917304,9.98803,0.0384068,-0.789094,5767.93,21.6616,11.775,0
4119,21.7142,11.7177,21.6791,12.4024,-0.269989,8.70026,0.0351669,-0.684691,5761.32,21.7823,11.4525,0
4127,21.7081,11.8015,21.6791,12.4024,-0.770548,10.4751,0.0290025,-0.60089,5752.08,21.6464,11.8144,0
4139,21.7021,11.8051,21.6791,12.4024,-0.49498,0.30329,0.0230628,-0.597251,5739.89,21.7347,11.8708,0
4147,21.6594,11.8251,21.6791,12.4024,-5.33692,2.49708,-0.0196326,-0.577274,5726.63,21.6133,11.9031,0
4159,21.6367,11.8265,21.6791,12.4024,-1.89669,0.11866,-0.042393,-0.57585,5715.39,21.6066,11.7458,0
4167,21.6108,11.8269,21.6791,12.4024,-3.22934,0.0532174,-0.0682277,-0.575425,5707.92,21.579,11.82,0
4179,21.6097,11.8348,21.6791,12.4024,-0.0974627,0.657399,-0.0693973,-0.567536,5703.81,21.6556,11.8165,0
4187,21.623,11.8267,21.6791,12.4024,1.66327,-1.01068,-0.0560911,-0.575621,5701.49,21.5863,11.8607,0
4199,21.6475,11.8436,21.6791,12.4024,2.04356,1.40282,-0.0315684,-0.558787,5699.83,21.6754,11.9867,0
4207,21.6542,11.8731,21.6791,12.4024,0.839681,3.6854,-0.024851,-0.529304,5698.15,21.6337,11.8251,0
4219,21.6619,11.8936,21.6791,12.4024,0.640383,1.71135,-0.0171664,-0.508768,5696.01,21.8092,12.0484,0
4227,21.6831,11.8984,21.6791,12.4024,2.6561,0.603716,0.00408239,-0.503938,5692.71,21.7642,11.9392,0
4239,21.6844,11.8994,21.6791,12.4024,0.106836,0.0824572,0.00536443,-0.502949,5686.85,21.6689,11.8704,0
4251,21.692,11.9171,21.6791,12.4024,0.632097,1.472,0.0129496,-0.485285,5677.99,21.7473,11.7434,0
4259,21.6772,11.8988,21.6791,12.4024,-1.85047,-2.28654,-0.00185414,-0.503577,5667.12,21.5771,11.9774,0
4271,21.6599,11.9141,21.6791,12.4024,-1.44097,1.27548,-0.0191458,-0.488271,5655.33,21.6272,12.0628,0
4279,21.6645,11.9726,21.6791,12.4024,0.570475,7.30799,-0.014582,-0.429808,5644.01,21.8175,11.8967,0
4291,21.6641,12.0452,21.6791,12.4024,-0.0290308,6.05164,-0.0149303,-0.357188,5634.67,21.5692,11.937,0
4299,21.7616,12.2276,21.6791,12.4024,12.1816,22.7998,0.0825227,-0.17479,5627.03,21.9049,12.4489,0
4311,21.891,12.3828,21.6791,12.4024,10.7894,12.938,0.211995,-0.0195341,5620.05,21.9976,12.4145,0
4319,21.9319,12.396,21.6791,12.4024,5.10632,1.65223,0.252846,-0.00631622,5614.51,21.9732,12.4793,0
4331,21.9343,12.3944,21.6791,12.4024,0.20328,-0.134603,0.255285,-0.00793146,5611.37,21.9076,12.3735,0
4339,21.9546,12.3493,21.6791,12.4024,2.5276,-5.64567,0.275506,-0.0530968,5609.62,21.9544,12.1992,0
4351,21.9586,12.3099,21.6791,12.4024,0.33695,-3.27713,0.279549,-0.0924225,5607.99,21.901,12.1612,0
4359,21.969,12.3102,21.6791,12.4024,1.29408,0.037878,0.289902,-0.0921194,5606.24,22.0495,12.3214,0
4371,21.9997,12.3166,21.6791,12.4024,2.56327,0.531082,0.320661,-0.0857464,5603.64,21.8415,12.2985,0
4379,22.029,12.3361,21.6791,12.4024,3.65861,2.43493,0.34993,-0.066267,5598.59,22.2677,12.3966,0
4391,22.0264,12.3892,21.6791,12.4024,-0.217957,4.42158,0.347315,-0.013208,5590.31,21.9929,12.8139,0
4399,22.0262,12.3942,21.6791,12.4024,-0.026206,0.63701,0.347105,-0.00811196,5580.25,22.0142,12.5808,0
4411,22.025,12.4587,21.6791,12.4024,-0.0955299,5.37173,0.345959,0.0563488,5571.55,22.0157,12.4388,0
4419,22.0201,12.4787,21.6791,12.4024,-0.615155,2.50032,0.341038,0.0763514,5565.5,22.0507,12.1421,0
4431,22.0251,12.4578,21.6791,12.4024,0.414129,-1.7395,0.346007,0.0554774,5559.75,22.1264,12.5001,0
4439,22.0274,12.3709,21.6791,12.4024,0.293856,-10.866,0.348358,-0.0314506,5552.25,22.0025,12.4775,0
4451,22.0293,12.3105,21.6791,12.4024,0.153589,-5.03727,0.350201,-0.0918978,5543.9,22.0856,12.3098,0
4459,22.0123,12.3771,21.6791,12.4024,-2.11732,8.32504,0.333262,-0.0252975,5536.54,21.9703,12.2493,0
4471,21.9857,12.372,21.6791,12.4024,-2.2187,-0.423018,0.306638,-0.0303737,5528.06,22.021,12.3086,0
4479,21.9618,12.2942,21.6791,12.4024,-2.98303,-9.72649,0.282774,-0.108186,5504.78,21.8854,12.4294,0
4491,21.9335,12.0254,21.6791,12.4024,-2.361,-22.3949,0.254442,-0.376924,5439.78,21.936,12.5796,0
4503,21.9908,6.30283,21.6791,0,4.77698,-476.884,0.311765,6.30283,5327.44,21.8858,0.313712,0
4515,21.995,0.634218,21.6791,0,0.344819,-472.384,0.315903,0.634218,5213.69,22.0186,0.474957,0
4523,21.9353,0.345943,21.6791,0,-7.4631,-36.0344,0.256199,0.345943,5143.98,21.9752,0.31185,0
4535,21.891,0.336356,21.6791,0,-3.68756,-0.798859,0.211948,0.336356,5114.53,21.9024,0.213733,0
4543,21.8628,0.35006,21.6791,0,-3.52751,1.71299,0.183728,0.35006,5103.26,21.8311,0.34481,0
4555,21.8324,0.345058,21.6791,0,-2.53449,-0.41688,0.153314,0.345058,5099.17,21.8311,0.34481,1
4563,21.8311,0.34481,21.6791,0,-0.161007,-0.030917,0.152026,0.34481,5098.12,21.8311,0.34481,1
4575,21.8311,0.34481,21.6791,0,-9.10362e-06,-1.74859e-06,0.152026,0.34481,5097.96,21.8311,0.34481,1
4583,21.8311,0.34481,21.6791,0,0,0,0.152026,0.34481,5097.94,21.8311,0.34481,1
4595,21.8311,0.34481,21.6791,0,0,0,0.152026,0.34481,5097.94,21.8311,0.34481,1
4603,21.8311,0.34481,21.6791,0,0,0,0.152026,0.34481,5097.94,21.8311,0.34481,1
4615,21.8311,0.34481,21.6791,0,0,0,0.152026,0.34481,5097.94,21.8311,0.34481,1
4623,21.8311,0.34481,21.6791,0,0,0,0.152026,0.34481,5097.94,21.8311,0.34481,1
4635,21.8311,0.34481,21.6791,0,0,0,0.152026,0.34481,5097.94,21.8311,0.34481,1
4643,21.8311,0.34481,21.6791,0,0,0,0.152026,0.34481,5097.94,21.8311,0.34481,1
4655,21.8311,0.34481,21.6791,0,0,0,0.152026,0.34481,5097.94,21.8311,0.34481,1
4663,21.8311,0.34481,21.6791,0,0,0,0.152026,0.34481,5097.94,21.8311,0.34481,1
4675,21.8311,0.34481,21.6791,0,0,0,0.152026,0.34481,5097.94,21.8311,0.34481,1
4683,21.8311,0.34481,21.6791,0,0,0,0.152026,0.34481,5097.94,21.8311,0.34481,1
4695,21.8311,0.34481,21.6791,0,0,0,0.152026,0.34481,5097.94,21.8311,0.34481,1
4703,21.8311,0.34481,21.6791,0,0,0,0.152026,0.34481,5097.1,21.8311,0.34481,1
4715,21.8311,0.34481,21.6791,0,0,0,0.152026,0.34481,5091.34,21.8311,0.34481,1
4723,21.8311,0.34481,21.6791,0,0,0,0.152026,0.34481,5072.13,21.8311,0.34481,1
4735,21.8311,0.34481,21.6791,0,0,0,0.152026,0.34481,5036.36,21.8311,0.34481,1
4743,21.8311,0.34481,21.6791,0,0,0,0.152026,0.34481,4997.34,21.8311,0.34481,1
4755,21.8312,0.344833,21.6791,0,0.00987444,0.00189665,0.152144,0.344833,4970.94,21.8311,0.34481,1
4767,21.8388,0.346148,21.6791,0,0.637109,0.109548,0.159789,0.346148,4959.03,21.8617,-0.122635,0
4775,21.9563,0.365214,21.6791,0,14.6761,2.38328,0.277198,0.365214,4955.83,22.2355,0.407447,0
4787,22.0691,0.386513,21.6791,0,9.40245,1.77496,0.390028,0.386513,4957.65,22.1817,0.494332,0
4795,22.0741,0.381202,21.6791,0,0.632951,-0.66397,0.395091,0.381202,4963.06,22.0761,0.3786,0
4807,22.0737,0.377218,21.6791,0,-0.0352966,-0.332003,0.394668,0.377218,4970.13,22.0639,0.474144,0
4815,22.0586,0.371226,21.6791,0,-1.89287,-0.748978,0.379525,0.371226,4976.56,21.7793,0.305012,0
4827,22.0305,0.365792,21.6791,0,-2.33732,-0.452845,0.351477,0.365792,4981.29,22.0241,0.311414,0
4835,21.9416,0.350875,21.6791,0,-11.111,-1.86459,0.262589,0.350875,4984.77,21.7913,0.214931,0
4847,21.9094,0.345995,21.6791,0,-2.68461,-0.406667,0.230374,0.345995,4987.63,21.7955,0.417116,0
4855,21.9059,0.373069,21.6791,0,-0.436116,3.38432,0.226885,0.373069,4989.87,21.9096,0.413294,0
4867,21.8897,0.371662,21.6791,0,-1.35275,-0.117294,0.210652,0.371662,4990.78,22.1011,0.420917,0
4875,21.9294,0.390544,21.6791,0,4.96407,2.36032,0.250364,0.390544,4989.93,21.9974,0.524325,0
4887,21.9428,0.393606,21.6791,0,1.11248,0.255171,0.263714,0.393606,4988.09,21.9214,0.331045,0
4895,21.9504,0.394905,21.6791,0,0.948062,0.16234,0.271298,0.394905,4985.92,21.9682,0.387051,0
4907,21.9614,0.393374,21.6791,0,0.918337,-0.127611,0.282318,0.393374,4983.11,21.8917,0.308816,0
4915,21.9638,0.393671,21.6791,0,0.297163,0.0371251,0.284696,0.393671,4979.89,22.0524,0.559735,0
4927,22.008,0.401714,21.6791,0,3.68793,0.670269,0.328951,0.401714,4977.47,21.9779,0.445511,0
4935,22.0305,0.394583,21.6791,0,2.80574,-0.891408,0.351397,0.394583,4976.18,22.0999,0.385723,0
4947,22.0387,0.380242,21.6791,0,0.687,-1.19508,0.359641,0.380242,4975.61,22.0565,0.319886,0
4955,22.0403,0.362239,21.6791,0,0.20171,-2.25034,0.361254,0.362239,4975.57,22.0292,0.292394,0
4967,22.0491,0.363152,21.6791,0,0.730733,0.0760466,0.370023,0.363152,4975.94,21.8306,0.153949,0
4975,22.056,0.367525,21.6791,0,0.862916,0.546714,0.376927,0.367525,4976.56,22.1069,0.545104,0
4987,22.0758,0.440798,21.6791,0,1.64907,6.10605,0.396715,0.440798,4977.65,22.1409,0.479776,0
4995,22.0764,0.447481,21.6791,0,0.084518,0.835389,0.397392,0.447481,4980.12,22.0698,0.721998,0
5007,22.0744,0.447232,21.6791,0,-0.174486,-0.0207662,0.395298,0.447232,4983.54,22.0795,0.57674,0
5019,22.0245,0.434493,21.6791,0,-4.15515,-1.06158,0.345436,0.434493,4985.41,21.9662,0.370784,0
5027,21.9685,0.350781,21.6791,0,-7.00426,-10.4639,0.289402,0.350781,4984.73,21.9085,0.196495,0
5039,21.968,0.31001,21.6791,0,-0.0344715,-3.39761,0.288988,0.31001,4982.94,21.9818,-0.0293201,0
5047,21.9686,0.307404,21.6791,0,0.0703932,-0.325816,0.289551,0.307404,4981.4,21.9425,0.322388,0
5059,21.9783,0.308929,21.6791,0,0.811803,0.127147,0.299293,0.308929,4979.56,22.0137,0.372617,0
5067,21.9808,0.32579,21.6791,0,0.304263,2.10761,0.301727,0.32579,4975.67,22.0575,0.258472,0
5079,21.9809,0.329108,21.6791,0,0.00729421,0.276462,0.301815,0.329108,4970.27,21.9909,0.327247,0
5087,21.9828,0.343353,21.6791,0,0.246223,1.78068,0.303784,0.343353,4966.03,21.9485,0.418858,0
5099,21.9732,0.376774,21.6791,0,-0.805703,2.78506,0.294116,0.376774,4963.01,21.8985,0.340618,0
5107,21.9724,0.384567,21.6791,0,-0.0956103,0.97415,0.293351,0.384567,4959.42,21.9591,0.697801,0
5119,21.9727,0.383983,21.6791,0,0.0278953,-0.0486308,0.293686,0.383983,4955.46,21.9486,0.396322,0
5127,21.9811,0.36413,21.6791,0,1.05021,-2.48168,0.302088,0.36413,4952.57,22.1765,0.408126,0
5139,21.9924,0.357931,21.6791,0,0.942256,-0.516589,0.313395,0.357931,4951.09,22.0231,0.306453,0
5147,22.0112,0.34423,21.6791,0,2.34088,-1.71263,0.332122,0.34423,4950.4,21.8241,0.185991,0
5159,22.0262,0.335342,21.6791,0,1.2532,-0.740652,0.34716,0.335342,4950.01,22.092,0.36325,0
5167,22.0282,0.30932,21.6791,0,0.246814,-3.25279,0.349135,0.30932,4949.78,22.0407,0.0472511,0
5179,22.0302,0.263023,21.6791,0,0.166087,-3.85805,0.351128,0.263023,4949.64,22.0397,0.233797,0
5187,22.0213,0.231196,21.6791,0,-1.11361,-3.97843,0.342219,0.231196,4949.47,21.9062,0.434252,0
5199,22.0073,0.20551,21.6791,0,-1.16464,-2.14044,0.328243,0.20551,4949.29,21.9969,0.226512,0
5207,22.0067,0.204438,21.6791,0,-0.0747352,-0.134111,0.327645,0.204438,4949.3,21.9405,0.120828,0
5219,22.0059,0.204291,21.6791,0,-0.0677119,-0.0122343,0.326833,0.204291,4949.72,21.856,0.340709,0
5227,21.9867,0.201771,21.6791,0,-2.39538,-0.314975,0.30767,0.201771,4951.18,22.1002,-0.00590311,0
5239,21.9706,0.222685,21.6791,0,-1.34672,1.74286,0.291509,0.222685,4955.01,22.1095,0.398379,0
5247,21.9655,0.27887,21.6791,0,-0.634368,7.02304,0.286434,0.27887,4961.08,21.8599,0.204927,0
5259,21.9298,0.294223,21.6791,0,-2.97529,1.27943,0.250731,0.294223,4966.6,21.8287,0.283366,0
5271,21.9077,0.299434,21.6791,0,-1.84324,0.434271,0.228612,0.299434,4969.44,21.8598,0.404679,0
5279,21.9068,0.299638,21.6791,0,-0.113143,0.0255521,0.227707,0.299638,4970.11,21.9105,0.30417,0
5291,21.9086,0.298782,21.6791,0,0.151501,-0.0713373,0.229525,0.298782,4969.32,21.923,0.344693,0
5299,21.9513,0.278238,21.6791,0,5.34037,-2.56805,0.272248,0.278238,4966.36,21.9787,0.245851,0
5311,21.9856,0.253368,21.6791,0,2.85813,-2.07247,0.306545,0.253368,4960.95,22.0083,0.216004,0
5319,22.024,0.256371,21.6791,0,4.79988,0.375298,0.344944,0.256371,4954.43,22.1076,0.277332,0
5331,22.0437,0.259572,21.6791,0,1.64503,0.266733,0.364685,0.259572,4947.86,22.1607,0.228229,0
5339,22.0464,0.248382,21.6791,0,0.335855,-1.39865,0.367371,0.248382,4941.62,22.2164,0.167299,0
5351,22.0474,0.220954,21.6791,0,0.0837014,-2.28568,0.368376,0.220954,4936.67,22.0307,0.279341,0
5359,22.0382,0.184837,21.6791,0,-1.15869,-4.51459,0.359106,0.184837,4933.75,22.042,0.11626,0
5371,22.0323,0.16,21.6791,0,-0.485459,-2.06982,0.353281,0.16,4932.46,22.0856,0.1481,0
5379,21.9066,0.134851,21.6791,0,-15.7119,-3.14361,0.227586,0.134851,4931.99,21.7658,0.137072,0
5391,21.7794,0.110428,21.6791,0,-10.6018,-2.03519,0.100364,0.110428,4931.99,21.7765,0.105827,0
5399,21.7739,0.109746,21.6791,0,-0.695274,-0.0853358,0.0948022,0.109746,4932.39,21.8441,0.448077,0
5411,21.7688,0.119416,21.6791,0,-0.41781,0.805898,0.0897884,0.119416,4933.19,21.671,0.139829,0
5419,21.7583,0.162362,21.6791,0,-1.31496,5.36815,0.0792687,0.162362,4934.26,21.8022,0.063839,0
5431,21.7566,0.198369,21.6791,0,-0.141995,3.00064,0.0775648,0.198369,4935.38,21.8948,0.589868,0
5439,21.7725,0.168866,21.6791,0,1.98062,-3.68785,0.0934098,0.168866,4936.37,21.6937,0.22286,0
5451,21.8041,0.17343,21.6791,0,2.63289,0.38026,0.125004,0.17343,4937.03,21.8992,0.20708,0
5459,21.782,0.16827,21.6791,0,-2.7626,-0.645004,0.102904,0.16827,4937.3,21.8608,0.153083,0
5471,21.7638,0.143859,21.6791,0,-1.51646,-2.03419,0.0847062,0.143859,4937.29,21.7783,0.0811332,0
5479,21.7595,0.142123,21.6791,0,-0.532876,-0.217079,0.0804432,0.142123,4937.12,21.5823,0.0835338,0
5491,21.6785,0.130909,21.6791,0,-6.75166,-0.934461,-0.000576716,0.130909,4936.39,21.6394,0.160743,0
5499,21.6485,0.22657,21.6791,0,-3.75274,11.9576,-0.0305986,0.22657,4934.55,21.7937,0.354157,0
5511,21.6431,0.301022,21.6791,0,-0.442661,6.20435,-0.0359106,0.301022,4932.07,21.635,0.329123,0
5523,21.6349,0.302568,21.6791,0,-0.68801,0.128804,-0.0441667,0.302568,4930.29,21.6027,0.36837,0
5531,21.6437,0.303039,21.6791,0,1.10648,0.058882,-0.0353149,0.303039,4929.5,21.6723,0.240986,0
5543,21.663,0.278483,21.6791,0,1.60832,-2.04631,-0.016015,0.278483,4928.97,21.627,0.122523,0
5551,21.701,0.275484,21.6791,0,4.7482,-0.374891,0.0219706,0.275484,4928.43,21.7336,0.25274,0
5563,21.7297,0.266745,21.6791,0,2.39254,-0.728249,0.050681,0.266745,4927.58,21.756,0.350099,0
5571,21.7336,0.256762,21.6791,0,0.488374,-1.24782,0.054588,0.256762,4925.52,21.7318,0.310824,0
5583,21.7353,0.256795,21.6791,0,0.139613,0.00273028,0.0562633,0.256795,4922.18,21.7319,0.208283,0
5591,21.7652,0.266101,21.6791,0,3.73403,1.1632,0.0861356,0.266101,4919.3,21.8109,0.191394,0
5603,21.792,0.27107,21.6791,0,2.2329,0.414079,0.11293,0.27107,4917.66,21.7967,0.356632,0
5611,21.7935,0.263846,21.6791,0,0.189603,-0.903002,0.114447,0.263846,4916.2,21.8032,0.0694171,0
5623,21.7934,0.26282,21.6791,0,-0.0125797,-0.085494,0.114296,0.26282,4914.87,21.7836,0.379543,0
5631,21.7894,0.246889,21.6791,0,-0.492762,-1.9914,0.110354,0.246889,4914.2,21.7849,0.254002,0
5643,21.7868,0.244261,21.6791,0,-0.21957,-0.218955,0.107719,0.244261,4914.1,21.8053,0.223328,0
5651,21.7864,0.211071,21.6791,0,-0.0503224,-4.14883,0.107317,0.211071,4914.34,21.7886,0.135415,0
5663,21.7814,0.208659,21.6791,0,-0.415675,-0.200983,0.102329,0.208659,4915.04,21.7715,0.141965,0
5671,21.7808,0.209229,21.6791,0,-0.0770009,0.0713203,0.101713,0.209229,4916.33,21.8664,0.115472,0
5683,21.7699,0.22495,21.6791,0,-0.906484,1.31006,0.0908349,0.22495,4918.41,21.6807,0.377291,0
5691,21.7256,0.265576,21.6791,0,-5.54129,5.07822,0.0465046,0.265576,4921.26,21.8193,0.43441,0
5703,21.6773,0.258454,21.6791,0,-4.02081,-0.593466,-0.0017452,0.258454,4924.44,21.6087,0.267211,0
5711,21.6588,0.252838,21.6791,0,-2.31493,-0.702075,-0.0202646,0.252838,4927.36,21.6646,0.264275,0
5723,21.6602,0.203469,21.6791,0,0.121141,-4.11407,-0.0188109,0.203469,4929.21,21.7439,0.150954,0
5731,21.6537,0.140786,21.6791,0,-0.814611,-7.83537,-0.0253278,0.140786,4929.68,21.642,0.150772,0
5743,21.6643,0.132582,21.6791,0,0.879132,-0.683659,-0.0147782,0.132582,4929.3,21.7119,0.133386,0
5751,21.672,0.118627,21.6791,0,0.960848,-1.74441,-0.00709145,0.118627,4928.67,21.6576,0.0903389,0
5763,21.6976,0.0672985,21.6791,0,2.13877,-4.27735,0.0185737,0.0672985,4928.03,21.6194,-0.0687328,0
5775,21.7151,0.0234564,21.6791,0,1.4566,-3.65351,0.0360529,0.0234564,4927.27,21.764,-0.0277476,0
5783,21.746,-0.00152752,21.6791,0,3.86624,-3.12299,0.0669828,-0.00152752,4925.68,21.7837,0.193477,0
5795,21.7951,-0.025472,21.6791,0,4.09044,-1.99538,0.116068,-0.025472,4922.74,21.7955,0.098052,0
5803,21.9342,0.0345812,21.6791,0,17.3861,7.50666,0.255157,0.0345812,4919.46,22.301,-0.0931528,0
5815,21.9715,0.0688084,21.6791,0,3.10511,2.85227,0.292419,0.0688084,4917.44,22.26,0.0318598,0
5823,22.0307,0.0347039,21.6791,0,7.40823,-4.26307,0.351685,0.0347039,4916.8,22.0714,0.17898,0
5835,22.1018,-0.0130324,21.6791,0,5.9206,-3.97803,0.422732,-0.0130324,4916.88,21.855,0.234135,0
5843,22.06,0.0403873,21.6791,0,-5.22206,6.67747,0.380955,0.0403873,4917.68,21.9877,-0.0886316,0
5855,22.056,0.0432635,21.6791,0,-0.330466,0.239684,0.37699,0.0432635,4919.63,22.1329,-0.0325335,0
5863,22.0154,-0.0299738,21.6791,0,-5.08589,-9.15467,0.336303,-0.0299738,4922.32,22.0353,0.088022,0
5875,22.0236,-0.0645849,21.6791,0,0.684506,-2.88426,0.344517,-0.0645849,4924.9,22.0995,0.00883108,0
5883,22.0249,-0.02884,21.6791,0,0.167554,4.46811,0.345857,-0.02884,4927.89,21.9553,-0.14262,0
5895,22.0217,0.0201016,21.6791,0,-0.26691,4.07847,0.342654,0.0201016,4933.21,22.0093,-0.157864,0
5903,22.0027,0.020373,21.6791,0,-2.38035,0.0339156,0.323611,0.020373,4942.27,22.0048,0.0473018,0
5915,21.9728,0.0579163,21.6791,0,-2.48556,3.12861,0.293785,0.0579163,4953.55,22.0506,0.329546,0
5923,21.9728,0.100394,21.6791,0,-0.00470688,5.30965,0.293747,0.100394,4963.35,21.9368,0.0678305,0
5935,21.9435,0.097125,21.6791,0,-2.4438,-0.272379,0.264421,0.097125,4969.66,21.8627,0.108412,0
5943,21.8977,0.0872655,21.6791,0,-5.72757,-1.23243,0.218601,0.0872655,4973.32,21.9496,0.157463,0
5955,21.8053,0.0449183,21.6791,0,-7.69851,-3.52893,0.126219,0.0449183,4976.26,21.7423,0.0317571,0
5963,21.7448,0.0322344,21.6791,0,-7.56359,-1.58549,0.0657099,0.0322344,4981.19,21.7423,0.0317571,1
5975,21.7423,0.0317571,21.6791,0,-0.207465,-0.039773,0.0632203,0.0317571,4990.29,21.7423,0.0317571,1
5983,21.7423,0.0317571,21.6791,0,-2.63921e-05,-5.05856e-06,0.0632201,0.0317571,5002.45,21.7423,0.0317571,1
5995,21.7423,0.0317571,21.6791,0,0,0,0.0632201,0.0317571,5014.17,21.7423,0.0317571,1
6007,21.7423,0.0317571,0,0,0,0,-21.7423,0.0317571,5022.93,21.7423,0.0317571,1
6015,21.7423,0.0317571,0,0,0,0,-21.7423,0.0317571,5028.04,21.7423,0.0317571,1
6027,21.7423,0.0317571,0,0,0,0,-21.7423,0.0317571,5030.14,21.7423,0.0317571,1
6039,21.7423,0.0317571,0,0,0,0,-21.7423,0.0317571,5030.69,21.7423,0.0317571,1
6047,21.7423,0.0317571,0,0,0,0,-21.7423,0.0317571,5033.99,21.7423,0.0317571,1
6059,21.7423,0.0317571,0,0,0,0,-21.7423,0.0317571,5058.74,21.7423,0.0317571,1
6067,21.7423,0.0317571,0,0,0,0,-21.7423,0.0317571,5150.78,21.7423,0.0317571,1
6079,21.7423,0.0317571,0,0,0,0,-21.7423,0.0317571,5348.67,21.7423,0.0317571,1
6087,21.7423,0.0317571,0,0,0,0,-21.7423,0.0317571,5607.55,21.7423,0.0317571,1
6099,21.7423,0.0317571,0,0,0,0,-21.7423,0.0317571,5819.67,21.7423,0.0317571,1
6107,21.7423,0.0317571,0,0,0,0,-21.7423,0.0317571,5934.18,21.7423,0.0317571,1
6119,21.6391,0.0777206,0,0,-8.59425,3.83029,-21.6391,0.0777206,5984.47,21.7423,0.0317571,1
6127,18.8323,1.12084,0,0,-350.858,130.39,-18.8323,1.12084,6012.72,-0.0308588,0.632233,0
6139,8.49389,0.89275,0,0,-861.533,-19.0078,-8.49389,0.89275,6034.8,-0.105682,-0.597836,0
6147,0.429016,-0.352867,0,0,-1008.11,-155.702,-0.429016,-0.352867,6054.29,0.104003,-0.449904,0
6159,0.0811954,-0.331531,0,0,-28.985,1.778,-0.0811954,-0.331531,6069.92,0.0643482,-0.292716,0
6167,0.0750351,-0.327281,0,0,-0.770036,0.53121,-0.0750351,-0.327281,6079.94,-0.0336755,0.142338,0
6179,0.056299,-0.281871,0,0,-1.56134,3.78419,-0.056299,-0.281871,6086.85,-0.261529,-0.337369,0
6187,0.0283763,-0.146835,0,0,-3.49034,16.8795,-0.0283763,-0.146835,6095.35,-0.208376,-0.0171583,0
6199,0.00542145,-0.0417689,0,0,-1.91291,8.75554,-0.00542145,-0.0417689,6107.88,-0.228748,-0.0727721,0
6207,-0.00972476,0.00191643,0,0,-1.89328,5.46066,0.00972476,0.00191643,6122.84,-0.187782,0.051157,0
6219,-0.0103526,0.0036735,0,0,-0.0523207,0.146423,0.0103526,0.0036735,6138.24,0.000792003,-0.0723948,0
6227,-0.0106379,0.00605493,0,0,-0.0356633,0.297678,0.0106379,0.00605493,6153.21,-0.246199,0.231554,0
6239,-0.0151934,0.0491987,0,0,-0.37962,3.59532,0.0151934,0.0491987,6167,0.0436196,-0.0362691,0
6247,-0.00728595,0.105003,0,0,0.988425,6.97553,0.00728595,0.105003,6179.95,-0.0593475,0.210611,0
6259,-0.00431213,0.201917,0,0,0.247818,8.07618,0.00431213,0.201917,6192.44,0.0297205,0.194044,0
6267,-0.00918869,0.247653,0,0,-0.60957,5.71696,0.00918869,0.247653,6204.1,-0.0626585,0.42213,0
6279,-0.00970295,0.255485,0,0,-0.0428547,0.652722,0.00970295,0.255485,6214.88,0.202551,0.375855,0
6291,-0.00337599,0.280068,0,0,0.527247,2.04853,0.00337599,0.280068,6224.14,-0.0568974,0.284712,0
6299,-0.0142586,0.296953,0,0,-1.36033,2.11068,0.0142586,0.296953,6230.39,0.0135544,0.23411,0
6311,-0.00731861,0.318412,0,0,0.578334,1.78827,0.00731861,0.318412,6233.53,0.212377,0.303488,0
6319,-0.00909877,0.381873,0,0,-0.222521,7.93263,0.00909877,0.381873,6235.27,-0.352757,0.385485,0
6331,-0.0194315,0.478169,0,0,-0.861063,8.02461,0.0194315,0.478169,6237.33,0.155497,0.651434,0
6339,0.00177936,0.485996,0,0,2.65136,0.978348,-0.00177936,0.485996,6240.72,0.110748,0.599169,0
6351,-0.0197299,0.481606,0,0,-1.79244,-0.365818,0.0197299,0.481606,6246.55,-0.17107,0.441618,0
6359,-0.0148382,0.466004,0,0,0.611463,-1.95018,0.0148382,0.466004,6256.3,0.0473907,0.372058,0
6371,-0.0188198,0.455866,0,0,-0.3318,-0.84488,0.0188198,0.455866,6270.07,0.0674953,0.46911,0
6379,-0.0392481,0.405109,0,0,-2.55353,-6.34465,0.0392481,0.405109,6284.47,-0.0486879,0.330284,0
6391,-0.0337256,0.382227,0,0,0.46021,-1.90679,0.0337256,0.382227,6295.41,-0.112136,0.491708,0
6399,-0.0630842,0.368226,0,0,-3.66983,-1.75013,0.0630842,0.368226,6301.9,-0.0752474,0.318594,0
6411,-0.0720157,0.336466,0,0,-0.744293,-2.64668,0.0720157,0.336466,6305.39,-0.0552257,0.343458,0
6419,-0.0919643,0.330099,0,0,-2.49357,-0.795864,0.0919643,0.330099,6308.29,-0.0780748,0.332403,0
6431,-0.268731,0.298899,0,0,-14.7305,-2.60003,0.268731,0.298899,6311.66,-0.893972,-0.0547152,0
6439,-0.438425,0.247675,0,0,-21.2118,-6.40301,0.438425,0.247675,6314.81,-0.818594,0.00419986,0
6451,-0.465907,0.192572,0,0,-2.29013,-4.59187,0.465907,0.192572,6317.68,-0.488371,0.295979,0
6459,-0.533672,0.099852,0,0,-8.47067,-11.59,0.533672,0.099852,6320.82,-0.428957,0.228529,0
6471,-0.600036,-0.0685425,0,0,-5.53033,-14.0329,0.600036,-0.0685425,6324.28,-0.604765,-0.2438,0
6479,-0.592908,-0.149963,0,0,0.890998,-10.1775,0.592908,-0.149963,6328.04,-0.568054,-0.179631,0
6491,-0.592472,-0.153228,0,0,0.0363429,-0.272113,0.592472,-0.153228,6332.23,-0.738508,-0.238527,0
6499,-0.591839,-0.150987,0,0,0.0790932,0.280192,0.591839,-0.150987,6336.61,-0.665749,-0.07398,0
6511,-0.577338,-0.0999345,0,0,1.20839,4.25434,0.577338,-0.0999345,6340.89,-0.580288,-0.0593648,0
6519,-0.574372,-0.0967271,0,0,0.370776,0.400919,0.574372,-0.0967271,6344.73,-0.570917,-0.0911166,0
6531,-0.573311,-0.0836731,0,0,0.0884418,1.08784,0.573311,-0.0836731,6348.36,-0.480408,0.189537,0
6543,-0.573269,-0.0831002,0,0,0.00351726,0.0477355,0.573269,-0.0831002,6353.15,-0.61793,-0.175863,0
6551,-0.572498,-0.0829684,0,0,0.0963635,0.0164832,0.572498,-0.0829684,6360.63,-0.503697,-0.00253448,0
6563,-0.555143,-0.0804488,0,0,1.44623,0.209961,0.555143,-0.0804488,6370.19,-0.790663,-0.385768,0
6571,-0.565321,-0.0859361,0,0,-1.2722,-0.68591,0.565321,-0.0859361,6378.75,-0.623085,0.214137,0
6583,-0.716616,0.0362226,0,0,-12.6079,10.1799,0.716616,0.0362226,6384.13,-0.509922,0.267278,0
6591,-0.741421,0.0762139,0,0,-3.10066,4.99891,0.741421,0.0762139,6387.31,-0.864724,-0.146866,0
6603,-0.632095,0.0912185,0,0,9.11053,1.25038,0.632095,0.0912185,6390.44,-0.880185,0.196745,0
6611,-0.581413,-0.0225294,0,0,6.3353,-14.2185,0.581413,-0.0225294,6394.17,-0.635671,-0.0199215,0
6623,-0.585719,-0.0370262,0,0,-0.35889,-1.20807,0.585719,-0.0370262,6397.67,-0.515442,-0.0929637,0
6631,-0.585629,-0.021925,0,0,0.0112768,1.88765,0.585629,-0.021925,6400.41,-0.458995,-0.0234005,0
6643,-0.534258,-0.00982872,0,0,4.28093,1.00802,0.534258,-0.00982872,6402.65,-0.540154,-0.0233486,0
6651,-0.501387,0.0556739,0,0,4.10884,8.18783,0.501387,0.0556739,6404.32,-0.723964,0.153697,0
6663,-0.473895,0.0638525,0,0,2.291,0.681547,0.473895,0.0638525,6405.27,-0.29985,0.208095,0
6671,-0.50897,0.0782549,0,0,-4.38434,1.8003,0.50897,0.0782549,6405.77,-0.425698,0.14633,0
6683,-0.452807,0.113348,0,0,4.68024,2.92445,0.452807,0.113348,6406.16,-0.45962,-0.0422943,0
6691,-0.447022,0.0657387,0,0,0.723102,-5.95119,0.447022,0.0657387,6406.53,-0.700111,-0.00891032,0
6703,-0.508552,0.0530283,0,0,-5.12745,-1.0592,0.508552,0.0530283,6407.14,-0.294886,0.118753,0
6711,-0.546317,0.0499791,0,0,-4.72067,-0.381156,0.546317,0.0499791,6409.12,-0.734282,-0.220663,0
6723,-0.557334,0.127982,0,0,-0.91805,6.50026,0.557334,0.127982,6414.99,-0.564053,0.183338,0
6731,-0.563787,0.181148,0,0,-0.806643,6.64568,0.563787,0.181148,6427.77,-0.564053,0.183338,1
6743,-0.564053,0.183337,0,0,-0.022157,0.182482,0.564053,0.183337,6448.68,-0.564053,0.183338,1
6751,-0.564053,0.183338,0,0,-2.81867e-06,2.32139e-05,0.564053,0.183338,6473.53,-0.564053,0.183338,1
6762,-0.564053,0.183338,0,0,0,0,0.564053,0.183338,6493.37,-0.564053,0.183338,1
6771,-0.564053,0.183338,0,0,0,0,0.564053,0.183338,6503.21,-0.564053,0.183338,1
6783,-0.564053,0.183338,0,0,0,0,0.564053,0.183338,6506.04,-0.564053,0.183338,1
6795,-0.564053,0.183338,0,0,0,0,0.564053,0.183338,6506.48,-0.564053,0.183338,1
6803,-0.564053,0.183338,0,0,0,0,0.564053,0.183338,6506.51,-0.564053,0.183338,1
6815,-0.564053,0.183338,0,0,0,0,0.564053,0.183338,6506.51,-0.564053,0.183338,1
6823,-0.564053,0.183338,0,0,0,0,0.564053,0.183338,6506.51,-0.564053,0.183338,1
6835,-0.564053,0.183338,0,0,0,0,0.564053,0.183338,6506.05,-0.564053,0.183338,1
6843,-0.564053,0.183338,0,0,0,0,0.564053,0.183338,6503.02,-0.564053,0.183338,1
6855,-0.564053,0.183338,0,0,0,0,0.564053,0.183338,6493.22,-0.564053,0.183338,1
6863,-0.564053,0.183338,0,0,0,0,0.564053,0.183338,6475.99,-0.564053,0.183338,1
6875,-0.564053,0.183338,0,0,0,0,0.564053,0.183338,6459.04,-0.564053,0.183338,1
6883,-0.564053,0.183338,0,0,0,0,0.564053,0.183338,6449.69,-0.564053,0.183338,1
6895,-0.564053,0.183338,0,0,0,0,0.564053,0.183338,6447.07,-0.564053,0.183338,1
6903,-0.564053,0.183338,0,0,0,0,0.564053,0.183338,6448.23,-0.564053,0.183338,1
6915,-0.564053,0.183338,0,0,0,0,0.564053,0.183338,6454.25,-0.564053,0.183338,1
6923,-0.564053,0.183338,0,0,0,0,0.564053,0.183338,6467.54,-0.564053,0.183338,1
6935,-0.564053,0.183338,0,0,0,0,0.564053,0.183338,6486.29,-0.564053,0.183338,1
6943,-0.564053,0.183338,0,0,0,0,0.564053,0.183338,6505.04,-0.564053,0.183338,1
6955,-0.564053,0.183338,0,0,0,0,0.564053,0.183338,6520.89,-0.564053,0.183338,1
6963,-0.564053,0.183338,0,0,0,0,0.564053,0.183338,6535.12,-0.564053,0.183338,1
6975,-0.564053,0.183338,0,0,0,0,0.564053,0.183338,6548.95,-0.564053,0.183338,1
6983,-0.564053,0.183338,0,0,0,0,0.564053,0.183338,6562.19,-0.564053,0.183338,1
6995,-0.564053,0.183338,0,0,0,0,0.564053,0.183338,6574.49,-0.564053,0.183338,1
7003,-0.564053,0.183338,0,0,0,0,0.564053,0.183338,6584.06,-0.564053,0.183338,1
7015,-0.564053,0.183338,0,0,0,0,0.564053,0.183338,6589.07,-0.564053,0.183338,1
7023,-0.564053,0.183338,0,0,0,0,0.564053,0.183338,6590.3,-0.564053,0.183338,1
7035,-0.564053,0.183338,0,0,0,0,0.564053,0.183338,6588.71,-0.564053,0.183338,1
7047,-0.564053,0.183338,0,0,0,0,0.564053,0.183338,6582.84,-0.564053,0.183338,1
7055,-0.564053,0.183338,0,0,0,0,0.564053,0.183338,6572.61,-0.564053,0.183338,1
7067,-0.564053,0.183338,0,0,0,0,0.564053,0.183338,6562.7,-0.564053,0.183338,1
7075,-0.564053,0.183338,0,0,0,0,0.564053,0.183338,6557.3,-0.564053,0.183338,1
7087,-0.564053,0.183338,0,0,0,0,0.564053,0.183338,6555.94,-0.564053,0.183338,1
7095,-0.564053,0.183338,0,0,0,0,0.564053,0.183338,6557.17,-0.564053,0.183338,1
7107,-0.557559,0.181499,0,0,0.541115,-0.153183,0.557559,0.181499,6561.32,-0.564053,0.183338,1
7115,-0.401545,0.137217,0,0,19.5018,-5.53527,0.401545,0.137217,6566.98,-0.202775,-0.238161,0
7127,-0.204609,0.0787955,0,0,16.4113,-4.86848,0.204609,0.0787955,6570.3,0.108113,0.152307,0
7135,-0.123979,0.059443,0,0,10.0787,-2.41907,0.123979,0.059443,6570.32,-0.0760147,0.0754482,0
7147,-0.116809,0.0254931,0,0,0.597538,-2.82916,0.116809,0.0254931,6567.69,0.0456341,0.0661012,0
7155,-0.11698,0.0167597,0,0,-0.0213242,-1.09168,0.11698,0.0167597,6558.74,-0.0733146,-0.041679,0
7167,-0.126712,-0.154427,0,0,-0.811058,-14.2656,0.126712,-0.154427,6537.07,-0.462576,-0.362337,0
7174,-0.170066,-0.296384,0,0,-6.19336,-20.2796,0.170066,-0.296384,6503.98,-0.505765,-0.55621,0
7187,-0.207248,-0.364874,0,0,-2.86018,-5.26848,0.207248,-0.364874,6468.45,-0.130289,-0.66193,0
7195,-0.245469,-0.43489,0,0,-4.77759,-8.7519,0.245469,-0.43489,6431.66,-0.168792,-0.286325,0
7207,-0.2285,-0.867992,0,0,1.41404,-36.0918,0.2285,-0.867992,6390.21,-0.472454,-1.51545,0
7215,-0.23517,-1.35552,0,0,-0.833728,-60.9408,0.23517,-1.35552,6353.19,-0.255015,-1.20148,0
7227,-0.2324,-1.44009,0,0,0.230877,-7.04756,0.2324,-1.44009,6332.71,-0.874371,-1.54006,0
7234,-0.333853,-1.45734,0,0,-14.4933,-2.46465,0.333853,-1.45734,6326.86,-0.301606,-1.62461,0
7247,-0.382993,-1.39684,0,0,-3.78003,4.65359,0.382993,-1.39684,6329.93,0.051692,-1.43082,0
7255,-0.422743,-1.28737,0,0,-4.96877,13.684,0.422743,-1.28737,6346.36,-0.49181,-0.773788,0
7267,-0.435761,-0.875446,0,0,-1.08486,34.3272,0.435761,-0.875446,6385.02,-0.596062,-0.474549,0
7275,-0.455159,-0.513036,0,0,-2.4247,45.3013,0.455159,-0.513036,6440.53,-0.598222,-0.422959,0
7287,-0.501542,-0.367433,0,0,-3.86523,12.1336,0.501542,-0.367433,6491.92,-0.420898,-0.192004,0
7299,-0.474019,-0.265564,0,0,2.29356,8.48909,0.474019,-0.265564,6526.27,-0.400458,-0.224084,0
7307,-0.459823,-0.094434,0,0,1.77451,21.3912,0.459823,-0.094434,6547.39,-0.519453,0.0531086,0
7319,-0.427791,-0.0507769,0,0,2.66929,3.63809,0.427791,-0.0507769,6561.34,-0.513786,0.126394,0
7327,-0.359432,0.0653698,0,0,8.54492,14.5183,0.359432,0.0653698,6570.53,-0.286399,0.045964,0
7339,-0.227521,0.119733,0,0,10.9926,4.53027,0.227521,0.119733,6576.86,0.0230925,-0.0763527,0
7347,-0.225799,0.154746,0,0,0.215135,4.37666,0.225799,0.154746,6581.89,-0.00886918,0.292277,0
7359,-0.220931,0.164793,0,0,0.405701,0.837203,0.220931,0.164793,6586.35,0.0571231,0.26428,0
7367,-0.0884233,0.188426,0,0,16.5635,2.95413,0.0884233,0.188426,6591.2,-0.60387,0.12785,0
7379,-0.157526,0.190999,0,0,-5.75857,0.214412,0.157526,0.190999,6599.85,-0.804898,0.144711,0
7387,-0.297581,0.166216,0,0,-17.5068,-3.09779,0.297581,0.166216,6613.88,0.257047,0.202736,0
7399,-0.300926,0.132397,0,0,-0.278793,-2.81831,0.300926,0.132397,6628.64,-0.292684,0.0811929,0
7407,-0.299096,0.130018,0,0,0.228764,-0.297362,0.299096,0.130018,6639.54,-0.311671,0.199906,0
7419,-0.28994,0.104515,0,0,0.762982,-2.12523,0.28994,0.104515,6646.81,-0.26863,-0.142695,0
7427,-0.291908,0.122773,0,0,-0.245957,2.28231,0.291908,0.122773,6651.91,-0.207018,0.17465,0
7439,-0.287852,0.083408,0,0,0.338016,-3.28045,0.287852,0.083408,6655.33,-0.218163,-0.126954,0
7447,-0.291716,0.110767,0,0,-0.483056,3.41983,0.291716,0.110767,6656.88,-0.342873,0.306262,0
7459,-0.292121,0.109659,0,0,-0.0336858,-0.0922665,0.292121,0.109659,6655.45,-0.037248,-0.0439342,0
7467,-0.297489,0.0552495,0,0,-0.670998,-6.80125,0.297489,0.0552495,6650.92,-0.378729,0.200767,0
7479,-0.30276,0.0519984,0,0,-0.439301,-0.270921,0.30276,0.0519984,6641.81,-0.176171,0.0635127,0
7486,-0.304006,0.0548451,0,0,-0.177916,0.406671,0.304006,0.0548451,6618.09,-0.154456,-0.0348222,0
7499,-0.561736,0.162954,0,0,-19.8254,8.31608,0.561736,0.162954,6564.7,0.25771,0.116602,0
7512,-6.3294,1.14538,-21.6791,0,-443.666,75.5714,-15.3497,1.14538,6479.83,-22.0764,0.450369,0
7520,-16.6881,1.27877,-21.6791,0,-1294.84,16.6737,-4.99095,1.27877,6384.29,-21.6348,0.487686,0
7532,-21.5609,0.399845,-21.6791,0,-406.067,-73.2439,-0.118147,0.399845,6303.6,-21.9777,-0.380765,0
7540,-21.8053,0.349404,-21.6791,0,-30.5515,-6.30509,0.126265,0.349404,6247.99,-21.8405,0.369312,0
7551,-21.8503,0.33306,-21.6791,0,-4.08735,-1.48578,0.171226,0.33306,6214.84,-21.9228,0.169083,0
7563,-21.8654,0.328072,-21.6791,0,-1.25885,-0.415727,0.186332,0.328072,6198.27,-21.9357,-0.0354466,0
7571,-21.8772,0.289982,-21.6791,0,-1.47596,-4.76117,0.19814,0.289982,6191.87,-21.9222,0.375114,0
7583,-21.8945,0.286299,-21.6791,0,-1.44382,-0.306983,0.215466,0.286299,6190.32,-22.0121,0.4387,0
7591,-21.8953,0.286662,-21.6791,0,-0.101311,0.0453654,0.216276,0.286662,6191.08,-21.9311,0.217831,0
7603,-21.8965,0.296384,-21.6791,0,-0.101006,0.810215,0.217488,0.296384,6193.31,-21.923,0.17304,0
7611,-21.8881,0.283616,-21.6791,0,1.05306,-1.59601,0.209064,0.283616,6195.49,-21.85,0.32317,0
7623,-21.8868,0.272597,-21.6791,0,0.106563,-0.918223,0.207785,0.272597,6195.53,-21.8017,0.52493,0
7631,-21.8812,0.272488,-21.6791,0,0.704339,-0.0136839,0.202151,0.272488,6193.58,-21.8602,0.278558,0
7644,-21.8817,0.273664,-21.6791,0,-0.0344863,0.0904872,0.202599,0.273664,6191.43,-21.9941,0.235057,0
7651,-21.8948,0.281628,-21.6791,0,-1.87544,1.13769,0.215727,0.281628,6189.77,-21.8144,-0.217042,0
7663,-21.9,0.281322,-21.6791,0,-0.433138,-0.025539,0.220925,0.281322,6188.02,-22.0426,0.267228,0
7671,-21.922,0.273754,-21.6791,0,-2.75449,-0.946005,0.24296,0.273754,6185.04,-21.9166,0.395874,0
7683,-21.9162,0.288769,-21.6791,0,0.488274,1.25132,0.237101,0.288769,6180.88,-21.9003,0.288579,0
7691,-21.9287,0.288548,-21.6791,0,-1.56835,-0.0276487,0.249648,0.288548,6177.04,-22.0545,0.0394937,0
7704,-21.9164,0.289139,-21.6791,0,0.947881,0.0454524,0.237326,0.289139,6173.99,-21.9443,0.477947,0
7711,-21.9277,0.277839,-21.6791,0,-1.61009,-1.61437,0.248596,0.277839,6170.51,-21.9683,0.442399,0
7723,-21.9117,0.178254,-21.6791,0,1.33095,-8.29871,0.232625,0.178254,6165.22,-21.8431,0.121458,0
7731,-21.8761,0.154837,-21.6791,0,4.44688,-2.92714,0.19705,0.154837,6156.77,-21.936,-0.0646668,0
7743,-21.7662,0.0507786,-21.6791,0,9.15875,-8.67153,0.0871448,0.0507786,6145.87,-21.324,0.0546708,0
7751,-21.6812,0.0609407,-21.6791,0,10.6243,1.27026,0.00215071,0.0609407,6137.54,-21.5094,-0.321477,0
7763,-21.6691,0.0233186,-21.6791,0,1.00863,-3.13517,-0.00995283,0.0233186,6133.48,-21.6539,0.059838,0
7771,-21.608,0.0235396,-21.6791,0,7.63329,0.0276203,-0.0710192,0.0235396,6130.31,-21.4864,0.353229,0
7783,-21.6032,-0.0319967,-21.6791,0,0.401283,-4.62802,-0.0758346,-0.0319967,6127.66,-21.9703,-0.647073,0
7791,-21.7453,-0.0680146,-21.6791,0,-17.76,-4.50224,0.0662455,-0.0680146,6126.75,-21.5385,0.0658821,0
7803,-21.7787,-0.176006,-21.6791,0,-2.7848,-8.99927,0.0996631,-0.176006,6127.86,-21.9167,-0.185787,0
7815,-21.7784,-0.177493,-21.6791,0,0.0227002,-0.123918,0.0993907,-0.177493,6132.39,-21.8181,-0.373759,0
7823,-21.7472,-0.107999,-21.6791,0,3.90093,8.68671,0.0681832,-0.107999,6141.18,-21.7106,-0.189468,0
7835,-21.7966,-0.180501,-21.6791,0,-4.11267,-6.04178,0.117535,-0.180501,6150.86,-21.6897,0.483405,0
7843,-21.7988,-0.166266,-21.6791,0,-0.273551,1.77936,0.119724,-0.166266,6157.06,-21.7696,-0.0579646,0
7855,-21.7414,-0.123829,-21.6791,0,4.78089,3.53638,0.062353,-0.123829,6159.57,-21.8383,-0.366014,0
7863,-21.7073,-0.115518,-21.6791,0,4.26584,1.0389,0.0282263,-0.115518,6160.07,-21.9255,-0.152201,0
7875,-21.7065,-0.115361,-21.6791,0,0.0637727,0.0130771,0.027461,-0.115361,6159.32,-21.6514,-0.112175,0
7883,-21.7175,-0.116514,-21.6791,0,-1.37574,-0.144108,0.038467,-0.116514,6157.94,-21.5985,-0.188685,0
7895,-21.6436,-0.0755046,-21.6791,0,6.15786,3.41744,-0.0354273,-0.0755046,6156.61,-21.6114,0.273841,0
7903,-21.6285,-0.0536588,-21.6791,0,1.88952,2.73072,-0.0505435,-0.0536588,6154.7,-21.8272,0.108477,0
7915,-21.628,-0.0527765,-21.6791,0,0.0434626,0.073528,-0.0510651,-0.0527765,6150.47,-21.628,-0.0527764,0
7923,-21.628,-0.0527764,-21.6791,0,5.52674e-06,9.35321e-06,-0.0510651,-0.0527764,6142.56,-21.628,-0.0527764,1
7935,-21.628,-0.0527764,-21.6791,0,0,0,-0.0510651,-0.0527764,6130.64,-21.628,-0.0527764,1
7943,-21.628,-0.0527764,-21.6791,0,0,0,-0.0510651,-0.0527764,6112.28,-21.628,-0.0527764,1
7955,-21.628,-0.0527764,-21.6791,0,0,0,-0.0510651,-0.0527764,6084.06,-21.628,-0.0527764,1
7963,-21.628,-0.0527764,-21.6791,0,0,0,-0.0510651,-0.0527764,6051.79,-21.628,-0.0527764,1
7975,-21.628,-0.0527764,-21.6791,0,0,0,-0.0510651,-0.0527764,6027.88,-21.628,-0.0527764,1
7983,-21.628,-0.0527764,-21.6791,0,0,0,-0.0510651,-0.0527764,6016.93,-21.628,-0.0527764,1
7995,-21.628,-0.0527764,-21.6791,0,0,0,-0.0510651,-0.0527764,6013.97,-21.628,-0.0527764,1
8003,-21.628,-0.0527764,-21.6791,0,0,0,-0.0510651,-0.0527764,6013.53,-21.628,-0.0527764,1
8015,-21.628,-0.0527764,-21.6791,0,0,0,-0.0510651,-0.0527764,6013.49,-21.628,-0.0527764,1
8023,-21.628,-0.0527764,-21.6791,0,0,0,-0.0510651,-0.0527764,6013.49,-21.628,-0.0527764,1
8035,-21.628,-0.0527764,-21.6791,0,0,0,-0.0510651,-0.0527764,6013.49,-21.628,-0.0527764,1
8043,-21.628,-0.0527764,-21.6791,0,0,0,-0.0510651,-0.0527764,6013.49,-21.628,-0.0527764,1
8055,-21.628,-0.0527764,-21.6791,0,0,0,-0.0510651,-0.0527764,6013.49,-21.628,-0.0527764,1
8067,-21.628,-0.0527764,-21.6791,0,0,0,-0.0510651,-0.0527764,6014.97,-21.628,-0.0527764,1
8075,-21.628,-0.0527764,-21.6791,0,0,0,-0.0510651,-0.0527764,6028.36,-21.628,-0.0527764,1
8087,-21.628,-0.0527764,-21.6791,0,0,0,-0.0510651,-0.0527764,6080.62,-21.628,-0.0527764,1
8095,-21.628,-0.0527764,-21.6791,0,0,0,-0.0510651,-0.0527764,6195.12,-21.628,-0.0527764,1
8107,-21.628,-0.0527764,-21.6791,0,0,0,-0.0510651,-0.0527764,6333.42,-21.628,-0.0527764,1
8115,-21.628,-0.0527764,-21.6791,0,0,0,-0.0510651,-0.0527764,6422.77,-21.628,-0.0527764,1
8127,-21.628,-0.0527764,-21.6791,0,0,0,-0.0510651,-0.0527764,6451.51,-21.628,-0.0527764,1
8135,-21.6221,-0.0547299,-21.6791,0,0.733985,-0.244185,-0.056937,-0.0547299,6444.46,-21.628,-0.0527764,2
8147,-21.4815,-0.102887,-21.6791,0,11.7189,-4.01313,-0.197564,-0.102887,6396.8,-21.3367,-0.149452,0
8155,-21.3186,-0.1891,-21.6791,0,20.3595,-10.7766,-0.36044,-0.1891,6290.54,-20.9849,-0.810161,0
8167,-21.2961,-0.189619,-21.6791,0,1.87779,-0.0432335,-0.382974,-0.189619,6161.41,-21.2131,-0.496709,0
8175,-21.2955,-0.188861,-21.6791,0,0.0742237,0.0947339,-0.383567,-0.188861,6077.65,-21.3258,-0.244087,0
8187,-21.299,-0.17205,-21.6791,0,-0.295291,1.40097,-0.380024,-0.17205,6049.78,-21.0683,-0.0201217,0
8196,-21.3349,-0.109864,-21.6791,0,-3.98337,6.90946,-0.344174,-0.109864,6047.34,-21.3778,-0.0208584,0
8207,-21.4351,-0.127266,-21.6791,0,-9.10828,-1.58194,-0.243982,-0.127266,6054.86,-21.5613,-0.20685,0
8216,-21.4839,-0.139989,-21.6791,0,-5.4244,-1.41364,-0.195163,-0.139989,6069.48,-21.5212,-0.134192,0
8228,-21.5205,-0.212567,-21.6791,0,-3.05292,-6.04819,-0.158528,-0.212567,6085.7,-21.6487,-0.296769,0
8236,-21.5255,-0.269445,-21.6791,0,-0.626776,-7.10973,-0.153513,-0.269445,6097.72,-21.43,-0.252762,0
8247,-21.5281,-0.272827,-21.6791,0,-0.23279,-0.307469,-0.150953,-0.272827,6104.68,-21.4093,-0.216814,0
8256,-21.5901,-0.295384,-21.6791,0,-6.8917,-2.50631,-0.0889275,-0.295384,6108.3,-21.6179,-0.312604,0
8267,-21.7435,-0.440751,-21.6791,0,-13.9413,-13.2152,0.0644269,-0.440751,6109.83,-21.9712,-0.600137,0
8275,-21.9555,-0.601921,-21.6791,0,-26.4985,-20.1463,0.276415,-0.601921,6110.25,-22.243,-0.799665,0
8287,-22.0103,-0.618142,-21.6791,0,-4.56758,-1.35174,0.331226,-0.618142,6110.31,-21.9413,-0.696458,0
8296,-22.0124,-0.615858,-21.6791,0,-0.236261,0.253808,0.333352,-0.615858,6110.38,-22.069,-0.557612,0
8307,-22.0144,-0.548166,-21.6791,0,-0.182877,6.1538,0.335364,-0.548166,6110.74,-22.0764,-0.486913,0
8319,-22.003,-0.399573,-21.6791,0,0.953057,12.3828,0.323927,-0.399573,6111.4,-21.8748,-0.146408,0
8327,-21.9998,-0.30741,-21.6791,0,0.398963,11.5204,0.320735,-0.30741,6111.86,-21.6781,-0.0733059,0
8339,-21.895,-0.252009,-21.6791,0,8.73589,4.61671,0.215904,-0.252009,6111.77,-22.0158,-0.407758,0
8347,-21.8574,-0.24293,-21.6791,0,4.69476,1.13488,0.178346,-0.24293,6111.04,-21.9321,-0.326143,0
8360,-21.8442,-0.2393,-21.6791,0,1.01844,0.279219,0.165107,-0.2393,6110.18,-21.5743,-0.07556,0
8367,-21.895,-0.250719,-21.6791,0,-7.26081,-1.63124,0.215932,-0.250719,6110.16,-21.8625,-0.580804,0
8379,-21.8944,-0.275293,-21.6791,0,0.0495847,-2.0478,0.215337,-0.275293,6110.52,-21.8699,-0.117939,0
8387,-21.9086,-0.313305,-21.6791,0,-1.7742,-4.75149,0.229531,-0.313305,6108.33,-21.9019,-0.389628,0
8400,-21.9238,-0.340524,-21.6791,0,-1.16903,-2.09383,0.244728,-0.340524,6099.76,-21.9458,-0.295586,0
8408,-21.937,-0.321644,-21.6791,0,-1.65719,2.36008,0.257986,-0.321644,6085.18,-22.9667,-0.218463,0
8420,-21.9342,-0.34303,-21.6791,0,0.238965,-1.78217,0.255118,-0.34303,6071.6,-21.9857,-1.03336,0
8428,-21.9344,-0.328964,-21.6791,0,-0.0237716,1.75824,0.255308,-0.328964,6064.66,-21.6816,-0.179238,0
8439,-21.8907,-0.321224,-21.6791,0,3.97387,0.703638,0.211596,-0.321224,6063.62,-21.7722,-0.312491,0
8448,-21.8882,-0.305572,-21.6791,0,0.272578,1.73908,0.209143,-0.305572,6066.27,-21.9162,-0.328486,0
8459,-21.8239,-0.292389,-21.6791,0,5.84715,1.19846,0.144824,-0.292389,6070.64,-21.7799,-0.259217,0
8468,-21.805,-0.305937,-21.6791,0,2.10185,-1.50536,0.125907,-0.305937,6074.74,-21.9786,-0.311262,0
8479,-21.8087,-0.351914,-21.6791,0,-0.34375,-4.17973,0.129689,-0.351914,6078.98,-21.6783,-0.506142,0
8488,-21.79,-0.477185,-21.6791,0,2.08806,-13.9189,0.110896,-0.477185,6083.9,-21.7656,-0.611027,0
8499,-21.7854,-0.498721,-21.6791,0,0.411867,-1.95789,0.106366,-0.498721,6088.44,-21.7518,-0.734634,0
8507,-21.7842,-0.49922,-21.6791,0,0.149038,-0.0623448,0.105173,-0.49922,6093.82,-21.6189,-0.329982,0
8520,-21.7845,-0.496373,-21.6791,0,-0.0188692,0.218989,0.105419,-0.496373,6102.11,-21.791,-0.510429,0
8528,-21.7866,-0.43029,-21.6791,0,-0.261793,8.26047,0.107513,-0.43029,6113.45,-21.8038,-0.332502,0
8539,-21.6809,-0.391351,-21.6791,0,9.60201,3.53984,0.0018909,-0.391351,6127.56,-21.5379,0.0858877,0
8547,-21.6107,-0.335081,-21.6791,0,8.77938,7.03383,-0.0683441,-0.335081,6143.06,-21.4705,-0.44423,0
8559,-21.5851,-0.329855,-21.6791,0,2.13017,0.435457,-0.0939061,-0.329855,6158.18,-21.6269,-0.535527,0
8571,-21.5793,-0.370811,-21.6791,0,0.487713,-3.41297,-0.0997586,-0.370811,6171.6,-21.6525,-0.282695,0
8579,-21.61,-0.397726,-21.6791,0,-3.84359,-3.36441,-0.0690099,-0.397726,6182.01,-21.5663,-0.516229,0
8591,-21.6502,-0.420622,-21.6791,0,-3.34913,-1.90802,-0.0288204,-0.420622,6188.82,-21.7059,-0.432632,0
8599,-21.6872,-0.429678,-21.6791,0,-4.61646,-1.13189,0.00811135,-0.429678,6192.21,-21.7059,-0.432632,2
8611,-21.7176,-0.455259,-21.6791,0,-2.53481,-2.13178,0.0385291,-0.455259,6193.3,-22.052,-1.97892,0
8619,-21.7389,-0.441164,-21.6791,0,-2.66773,1.76192,0.0598709,-0.441164,6193.5,-21.815,-0.430877,0
8631,-21.7369,-0.459612,-21.6791,0,0.171047,-1.53734,0.0578183,-0.459612,6193.44,-21.7198,-0.547595,0
8640,-21.7376,-0.447722,-21.6791,0,-0.0844271,1.32111,0.0585782,-0.447722,6192.98,-21.6649,-0.310333,0
8651,-21.7179,-0.401786,-21.6791,0,1.7963,4.17593,0.0388189,-0.401786,6191.66,-21.7193,-0.644371,0
8660,-21.6574,-0.41182,-21.6791,0,6.71636,-1.11481,-0.0216283,-0.41182,6189.79,-21.5728,-0.279928,0
8672,-21.6545,-0.414045,-21.6791,0,0.240359,-0.185458,-0.0245126,-0.414045,6188.63,-21.182,0.110101,0
8679,-21.6494,-0.452617,-21.6791,0,0.73766,-5.5103,-0.0296763,-0.452617,6189.31,-21.6704,-0.454069,0
8691,-21.6665,-0.453771,-21.6791,0,-1.4256,-0.0961592,-0.012569,-0.453771,6193.54,-21.7215,-0.483658,0
8699,-21.6703,-0.454573,-21.6791,0,-0.481968,-0.100279,-0.0087133,-0.454573,6203.06,-21.8076,-0.46435,0
8711,-21.7434,-0.474289,-21.6791,0,-6.08492,-1.64298,0.0643057,-0.474289,6216.21,-21.7917,-0.99656,0
8720,-21.8063,-0.502105,-21.6791,0,-6.98973,-3.09065,0.127213,-0.502105,6227.92,-21.5352,-0.290099,0
8731,-21.7844,-0.646144,-21.6791,0,1.99163,-13.0944,0.105305,-0.646144,6234.65,-21.7801,-0.945257,0
8739,-21.7004,-0.774748,-21.6791,0,10.4996,-16.0755,0.0213082,-0.774748,6237.08,-21.8207,-1.32603,0
8751,-21.5848,-0.758999,-21.6791,0,9.63378,1.31239,-0.0942971,-0.758999,6237.45,-21.6486,-0.230337,0
8759,-21.5693,-0.794827,-21.6791,0,1.93796,-4.47854,-0.109801,-0.794827,6237.01,-21.6355,-0.633827,0
8771,-21.4527,-0.760018,-21.6791,0,9.71539,2.90075,-0.226385,-0.760018,6236.29,-21.1226,-0.782486,0
8779,-21.2337,-0.703608,-21.6791,0,27.3761,7.05133,-0.445394,-0.703608,6235.78,-20.9805,-0.713287,0
8791,-21.1064,-0.697906,-21.6791,0,10.6015,0.475165,-0.572612,-0.697906,6235.6,-21.0494,-0.399192,0
8799,-21.0545,-0.688298,-21.6791,0,6.48867,1.20093,-0.624521,-0.688298,6235.76,-21.2581,-0.716249,0
8811,-21.0016,-0.675277,-21.6791,0,4.41345,1.08508,-0.677482,-0.675277,6237.17,-21.1961,-0.742479,0
8823,-21.0612,-0.6309,-21.6791,0,-4.96526,3.69809,-0.617899,-0.6309,6242.08,-20.9943,-0.487942,0
8831,-21.0722,-0.533456,-21.6791,0,-1.37509,12.1805,-0.606898,-0.533456,6251.84,-20.9771,-0.299103,0
8843,-21.0278,-0.394846,-21.6791,0,3.69982,11.5509,-0.651296,-0.394846,6263.77,-21.2235,-0.509358,0
8851,-21.0142,-0.381894,-21.6791,0,1.69085,1.61899,-0.664823,-0.381894,6274.93,-21.0586,-0.289196,0
8863,-21.0265,-0.387413,-21.6791,0,-1.02382,-0.459924,-0.652537,-0.387413,6285.46,-20.5222,-0.139906,0
8871,-21.0139,-0.459496,-21.6791,0,1.57383,-9.01039,-0.665128,-0.459496,6296.23,-21.0044,-0.454705,0
8883,-20.9609,-0.475522,-21.6791,0,4.41981,-1.33547,-0.718166,-0.475522,6307.5,-21.0193,-0.520006,0
8891,-20.9167,-0.496182,-21.6791,0,5.52674,-2.58259,-0.762379,-0.496182,6317.53,-20.9069,-0.534839,0
8903,-20.92,-0.49894,-21.6791,0,-0.275365,-0.229782,-0.759075,-0.49894,6325.51,-20.9167,-0.495623,0
8911,-20.9172,-0.518559,-21.6791,0,0.345698,-2.45238,-0.761841,-0.518559,6333.14,-20.8981,-0.557413,0
8923,-20.9173,-0.547028,-21.6791,0,-0.00353781,-2.37242,-0.761798,-0.547028,6339.18,-20.9678,-0.215313,0
8931,-21.0184,-0.545242,-21.6791,0,-12.647,0.223229,-0.660622,-0.545242,6339.94,-21.0843,-0.870342,0
8943,-21.0568,-0.440629,-21.6791,0,-3.19356,8.71775,-0.622299,-0.440629,6336.66,-21.0843,-0.870342,2
8951,-21.082,-0.280871,-21.6791,0,-3.15991,19.9698,-0.59702,-0.280871,6335.59,-21.1616,-0.318015,0
8963,-21.0675,-0.350067,-21.6791,0,1.21142,-5.76634,-0.611557,-0.350067,6341.53,-21.0107,-0.189332,0
8971,-20.9798,-0.335777,-21.6791,0,10.9659,1.78625,-0.699284,-0.335777,6353.77,-20.8964,-0.1794,0
8983,-20.965,-0.334983,-21.6791,0,1.23456,0.0661162,-0.714099,-0.334983,6365.84,-20.9567,-0.385706,0
8991,-20.957,-0.383567,-21.6791,0,0.991201,-6.07303,-0.722028,-0.383567,6372.43,-20.9567,-0.385706,1
9003,-20.9567,-0.385706,-21.6791,0,0.0273097,-0.178194,-0.722356,-0.385706,6374.41,-20.9567,-0.385706,1
9015,-20.9567,-0.385706,-21.6791,-12.4024,2.31605e-06,-1.5114e-05,-0.722356,12.0167,6374.73,-20.9567,-0.385706,1
9023,-20.9567,-0.385706,-21.6791,-12.4024,0,0,-0.722356,12.0167,6374.75,-20.9567,-0.385706,1
9034,-20.9567,-0.385706,-21.6791,-12.4024,0,0,-0.722356,12.0167,6374.75,-20.9567,-0.385706,1
9042,-20.9567,-0.385706,-21.6791,-12.4024,0,0,-0.722356,12.0167,6374.75,-20.9567,-0.385706,1
9054,-20.9567,-0.385706,-21.6791,-12.4024,0,0,-0.722356,12.0167,6374.75,-20.9567,-0.385706,1
9062,-20.9567,-0.385706,-21.6791,-12.4024,0,0,-0.722356,12.0167,6374.75,-20.9567,-0.385706,1
9074,-20.9567,-0.385706,-21.6791,-12.4024,0,0,-0.722356,12.0167,6374.75,-20.9567,-0.385706,1
9086,-20.9567,-0.385706,-21.6791,-12.4024,0,0,-0.722356,12.0167,6374.75,-20.9567,-0.385706,1
9094,-20.9567,-0.385706,-21.6791,-12.4024,0,0,-0.722356,12.0167,6374.75,-20.9567,-0.385706,1
9106,-20.9567,-0.385706,-21.6791,-12.4024,0,0,-0.722356,12.0167,6374.75,-20.9567,-0.385706,1
9114,-20.9567,-0.385706,-21.6791,-12.4024,0,0,-0.722356,12.0167,6374.75,-20.9567,-0.385706,1
9126,-20.9567,-0.385706,-21.6791,-12.4024,0,0,-0.722356,12.0167,6374.75,-20.9567,-0.385706,1
9134,-20.9567,-0.385706,-21.6791,-12.4024,0,0,-0.722356,12.0167,6374.75,-20.9567,-0.385706,1
9146,-20.9567,-0.385706,-21.6791,-12.4024,0,0,-0.722356,12.0167,6374.75,-20.9567,-0.385706,1
9154,-20.9567,-0.385706,-21.6791,-12.4024,0,0,-0.722356,12.0167,6374.75,-20.9567,-0.385706,1
9166,-20.9567,-0.385706,-21.6791,-12.4024,0,0,-0.722356,12.0167,6374.75,-20.9567,-0.385706,1
9174,-20.9567,-0.385706,-21.6791,-12.4024,0,0,-0.722356,12.0167,6374.75,-20.9567,-0.385706,1
9186,-20.9567,-0.385706,-21.6791,-12.4024,0,0,-0.722356,12.0167,6374.75,-20.9567,-0.385706,1
9194,-20.9567,-0.385706,-21.6791,-12.4024,0,0,-0.722356,12.0167,6383.21,-20.9567,-0.385706,1
9206,-20.9567,-0.385706,-21.6791,-12.4024,0,0,-0.722356,12.0167,6439.68,-20.9567,-0.385706,1
9214,-20.9567,-0.385706,-21.6791,-12.4024,0,0,-0.722356,12.0167,6623.76,-20.9567,-0.385706,1
9226,-20.9567,-0.385706,-21.6791,-12.4024,0,0,-0.722356,12.0167,6952.38,-20.9567,-0.385706,1
9234,-20.9567,-0.385706,-21.6791,-12.4024,0,0,-0.722356,12.0167,7281,-20.9567,-0.385706,1
9246,-20.9567,-0.385706,-21.6791,-12.4024,0,0,-0.722356,12.0167,7465.08,-20.9567,-0.385706,1
9254,-20.9567,-0.385706,-21.6791,-12.4024,0,0,-0.722356,12.0167,7517.47,-20.9567,-0.385706,1
9266,-20.9567,-0.385706,-21.6791,-12.4024,0,0,-0.722356,12.0167,7499.43,-20.9567,-0.385706,1
9274,-20.9567,-0.385706,-21.6791,-12.4024,0,0,-0.722356,12.0167,7411.36,-20.9567,-0.385706,1
9286,-20.9567,-0.385706,-21.6791,-12.4024,0,0,-0.722356,12.0167,7252.81,-20.9567,-0.385706,1
9294,-20.9567,-0.385706,-21.6791,-12.4024,0,0,-0.722356,12.0167,7094.27,-20.9567,-0.385706,2
9306,-20.9567,-0.385706,-21.6791,-12.4024,0,0,-0.722356,12.0167,7002.92,-20.9567,-0.385706,1
9314,-20.9567,-0.385706,-21.6791,-12.4024,0,0,-0.722356,12.0167,6956.21,-20.9567,-0.385706,1
9326,-20.9567,-0.385706,-21.6791,-12.4024,0,0,-0.722356,12.0167,6879.68,-20.9567,-0.385706,1
9338,-20.9567,-0.385706,-21.6791,-12.4024,0,0,-0.722356,12.0167,6725.68,-20.9567,-0.385706,1
9346,-20.9567,-0.385706,-21.6791,-12.4024,0,0,-0.722356,12.0167,6528.72,-20.9567,-0.385706,1
9358,-20.9567,-0.385706,-21.6791,-12.4024,0,0,-0.722356,12.0167,6375.07,-20.9567,-0.385706,1
9366,-20.9567,-0.385706,-21.6791,-12.4024,0,0,-0.722356,12.0167,6302.98,-20.9567,-0.385706,1
9378,-20.9567,-0.385706,-21.6791,-12.4024,0,0,-0.722356,12.0167,6280.52,-20.9567,-0.385706,1
9386,-20.9567,-0.385706,-21.6791,-12.4024,0,0,-0.722356,12.0167,6256.21,-20.9567,-0.385706,1
9398,-20.9567,-0.385706,-21.6791,-12.4024,0,0,-0.722356,12.0167,6176.94,-20.9567,-0.385706,1
9406,-20.9567,-0.385706,-21.6791,-12.4024,0,0,-0.722356,12.0167,6008.48,-20.9567,-0.385706,1
9418,-20.9567,-0.385706,-21.6791,-12.4024,0,0,-0.722356,12.0167,5792.52,-20.9567,-0.385706,1
9427,-20.9567,-0.385706,-21.6791,-12.4024,0,0,-0.722356,12.0167,5624.06,-20.9567,-0.385706,1
9438,-20.9567,-0.385706,-21.6791,-12.4024,0,0,-0.722356,12.0167,5545.02,-20.9567,-0.385706,1
9446,-20.9567,-0.385706,-21.6791,-12.4024,0,0,-0.722356,12.0167,5524.61,-20.9567,-0.385706,1
9458,-20.9567,-0.385706,-21.6791,-12.4024,0,0,-0.722356,12.0167,5529.15,-20.9567,-0.385706,1
9466,-20.9567,-0.385706,-21.6791,-12.4024,0,0,-0.722356,12.0167,5558.71,-20.9567,-0.385706,1
9478,-20.9567,-0.385706,-21.6791,-12.4024,0,0,-0.722356,12.0167,5633.14,-20.9567,-0.385706,1
9486,-20.9567,-0.385706,-21.6791,-12.4024,0,0,-0.722356,12.0167,5796.26,-20.9567,-0.385706,2
9498,-20.9567,-0.385706,-21.6791,-12.4024,0,0,-0.722356,12.0167,6125.23,-20.9567,-0.385706,1
9506,-20.9567,-0.385706,-21.6791,-12.4024,0,0,-0.722356,12.0167,6692.96,-20.9567,-0.385706,1
9518,-20.9567,-0.385706,-21.6791,-12.4024,0,0,-0.722356,12.0167,7368.07,-20.9567,-0.385706,1
9526,-20.9567,-0.385706,-21.6791,-12.4024,0,0,-0.722356,12.0167,7842.87,-20.9567,-0.385706,1
9538,-20.9567,-0.385706,-21.6791,-12.4024,0,0,-0.722356,12.0167,8030.53,-20.9567,-0.385706,1
9546,-20.9567,-0.385706,-21.6791,-12.4024,0,0,-0.722356,12.0167,8052.19,-20.9567,-0.385706,1
9558,-20.9567,-0.385706,-21.6791,-12.4024,0,0,-0.722356,12.0167,7943.81,-20.9567,-0.385706,1
9566,-20.9567,-0.385706,-21.6791,-12.4024,0,0,-0.722356,12.0167,7622.14,-20.9567,-0.385706,1
9578,-20.9567,-0.385706,-21.6791,-12.4024,0,0,-0.722356,12.0167,7166.54,-20.9567,-0.385706,1
9590,-20.9567,-0.385706,-21.6791,-12.4024,0,0,-0.722356,12.0167,6840.05,-20.9567,-0.385706,1
9598,-20.9567,-0.385706,-21.6791,-12.4024,0,0,-0.722356,12.0167,6696.15,-20.9567,-0.385706,1
9610,-20.9567,-0.385706,-21.6791,-12.4024,0,0,-0.722356,12.0167,6577.36,-20.9567,-0.385706,1
9618,-20.9567,-0.385706,-21.6791,-12.4024,0,0,-0.722356,12.0167,6399.28,-20.9567,-0.385706,1
9630,-20.9567,-0.385706,-21.6791,-12.4024,0,0,-0.722356,12.0167,6222.96,-20.9567,-0.385706,2
9638,-20.9567,-0.385706,-21.6791,-12.4024,0,0,-0.722356,12.0167,6124.19,-20.9567,-0.385706,1
9650,-20.9567,-0.385706,-21.6791,-12.4024,0,0,-0.722356,12.0167,6093.89,-20.9567,-0.385706,1
9658,-20.9567,-0.385706,-21.6791,-12.4024,0,0,-0.722356,12.0167,6088.95,-20.9567,-0.385706,1
9670,-20.9567,-0.385706,-21.6791,-12.4024,0,0,-0.722356,12.0167,6088.55,-20.9567,-0.385706,1
9678,-20.9567,-0.385706,-21.6791,-12.4024,0,0,-0.722356,12.0167,6088.55,-20.9567,-0.385706,1
9690,-20.9567,-0.385706,-21.6791,-12.4024,0,0,-0.722356,12.0167,6088.55,-20.9567,-0.385706,1
9698,-20.9567,-0.385706,-21.6791,-12.4024,0,0,-0.722356,12.0167,6088.55,-20.9567,-0.385706,1
9710,-20.9567,-0.385706,-21.6791,-12.4024,0,0,-0.722356,12.0167,6088.55,-20.9567,-0.385706,1
9718,-20.9567,-0.385706,-21.6791,-12.4024,0,0,-0.722356,12.0167,6088.55,-20.9567,-0.385706,1
9730,-20.9567,-0.385706,-21.6791,-12.4024,0,0,-0.722356,12.0167,6088.55,-20.9567,-0.385706,1
9738,-20.9567,-0.385706,-21.6791,-12.4024,0,0,-0.722356,12.0167,6088.55,-20.9567,-0.385706,1
9750,-20.9567,-0.385706,-21.6791,-12.4024,0,0,-0.722356,12.0167,6088.55,-20.9567,-0.385706,1
9758,-20.9567,-0.385706,-21.6791,-12.4024,0,0,-0.722356,12.0167,6088.55,-20.9567,-0.385706,1
9770,-20.9567,-0.385706,-21.6791,-12.4024,0,0,-0.722356,12.0167,6087.58,-20.9567,-0.385706,1
9778,-20.9567,-0.385706,-21.6791,-12.4024,0,0,-0.722356,12.0167,6080.19,-20.9567,-0.385706,1
9790,-20.9567,-0.385706,-21.6791,-12.4024,0,0,-0.722356,12.0167,6052.8,-20.9567,-0.385706,1
9798,-20.9567,-0.385706,-21.6791,-12.4024,0,0,-0.722356,12.0167,5994.43,-20.9567,-0.385706,1
9810,-20.9567,-0.385706,-21.6791,-12.4024,0,0,-0.722356,12.0167,5919.6,-20.9567,-0.385706,1
9818,-20.9567,-0.385706,-21.6791,-12.4024,0,0,-0.722356,12.0167,5861.23,-20.9567,-0.385706,1
9830,-20.9567,-0.385706,-21.6791,-12.4024,0,0,-0.722356,12.0167,5833.84,-20.9567,-0.385706,1
9842,-20.9567,-0.385706,-21.6791,-12.4024,0,0,-0.722356,12.0167,5826.36,-20.9567,-0.385706,1
9850,-20.9567,-0.385706,-21.6791,-12.4024,0,0,-0.722356,12.0167,5825.23,-20.9567,-0.385706,1
9862,-20.9567,-0.385706,-21.6791,-12.4024,0,0,-0.722356,12.0167,5825.15,-20.9567,-0.385706,1
9870,-20.9567,-0.385706,-21.6791,-12.4024,0,0,-0.722356,12.0167,5825.15,-20.9567,-0.385706,1
9882,-20.9567,-0.385706,-21.6791,-12.4024,0,0,-0.722356,12.0167,5825.15,-20.9567,-0.385706,1
9890,-20.9567,-0.385706,-21.6791,-12.4024,0,0,-0.722356,12.0167,5825.15,-20.9567,-0.385706,1
9902,-20.9567,-0.385706,-21.6791,-12.4024,0,0,-0.722356,12.0167,5825.04,-20.9567,-0.385706,1
9910,-20.9567,-0.385706,-21.6791,-12.4024,0,0,-0.722356,12.0167,5824.88,-20.9567,-0.385706,1
9922,-20.9567,-0.385706,-21.6791,-12.4024,0,0,-0.722356,12.0167,5825.71,-20.9567,-0.385706,1
9930,-21.1228,0.328559,-21.6791,-12.4024,-20.761,89.2832,-0.556268,12.7309,5830.5,-20.9567,-0.385706,1
9942,-25.4661,18.7321,-21.6791,-12.4024,-361.939,1533.63,3.787,31.1344,5840.34,-38.0223,58.2208,0
9950,-33.7679,48.1473,-21.6791,-12.4024,-1037.74,3676.9,12.0889,60.5496,5855.78,-38.0223,58.2208,1
9962,-37.8568,57.8951,-21.6791,-12.4024,-340.735,812.321,16.1777,70.2975,5886.54,-38.0223,58.2208,1
9970,-38.0223,58.2208,-21.6791,-12.4024,-20.6891,40.7068,16.3432,70.6231,5936.82,-38.0223,58.2208,1
9982,-38.0223,58.2208,-21.6791,-12.4024,-0.00117,0.0022849,16.3432,70.6232,5987.21,-38.0223,58.2208,1
9990,-38.0223,58.2208,-21.6791,-12.4024,0,0,16.3432,70.6232,6027.09,-38.0223,58.2208,1
10002,-38.0223,58.2208,-21.6791,-12.4024,0,0,16.3432,70.6232,6101,-38.0223,58.2208,1
10010,-38.0223,58.2208,-21.6791,-12.4024,0,0,16.3432,70.6232,6321.21,-38.0223,58.2208,1
10022,-38.0223,58.2208,-21.6791,-12.4024,0,0,16.3432,70.6232,6777.28,-38.0223,58.2208,1
10030,-38.0223,58.2208,-21.6791,-12.4024,0,0,16.3432,70.6232,7359.47,-38.0223,58.2208,1
10042,-38.0223,58.2208,-21.6791,-12.4024,0,0,16.3432,70.6232,7813.36,-38.0223,58.2208,1
10050,-38.0223,58.2208,-21.6791,-12.4024,0,0,16.3432,70.6232,8040.83,-38.0223,58.2208,1
10062,-38.0223,58.2208,-21.6791,-12.4024,0,0,16.3432,70.6232,8195.93,-38.0223,58.2208,1
10070,-38.0223,58.2208,-21.6791,-12.4024,0,0,16.3432,70.6232,8520.76,-38.0223,58.2208,1
10082,-38.0223,58.2208,-21.6791,-12.4024,0,0,16.3432,70.6232,9085.59,-38.0223,58.2208,1
10094,-38.0223,58.2208,-21.6791,-12.4024,0,0,16.3432,70.6232,9649.76,-38.0223,58.2208,1
10102,-38.0223,58.2208,-21.6791,-12.4024,0,0,16.3432,70.6232,9965.79,-38.0223,58.2208,1
10114,-38.0223,58.2208,-21.6791,-12.4024,0,0,16.3432,70.6232,10062.7,-38.0223,58.2208,1
10122,-38.0223,58.2208,-21.6791,-12.4024,0,0,16.3432,70.6232,10078.5,-38.0223,58.2208,1
10134,-38.0223,58.2208,-21.6791,-12.4024,0,0,16.3432,70.6232,10079.8,-38.0223,58.2208,1
10142,-38.0223,58.2208,-21.6791,-12.4024,0,0,16.3432,70.6232,10078.6,-38.0223,58.2208,1
10154,-38.0223,58.2208,-21.6791,-12.4024,0,0,16.3432,70.6232,10070.2,-38.0223,58.2208,1
10162,-38.0223,58.2208,-21.6791,-12.4024,0,0,16.3432,70.6232,10042.8,-38.0223,58.2208,1
10174,-38.0223,58.2208,-21.6791,-12.4024,0,0,16.3432,70.6232,9993.86,-38.0223,58.2208,1
10182,-38.0223,58.2208,-21.6791,-12.4024,0,0,16.3432,70.6232,9938.85,-38.0223,58.2208,2
10194,-38.0223,58.2208,-21.6791,-12.4024,0,0,16.3432,70.6232,9864.58,-38.0223,58.2208,2
10202,-37.9932,58.2236,-21.6791,-12.4024,3.63847,0.346409,16.3141,70.6259,9676.41,-38.0223,58.2208,2
10214,-37.3002,58.2887,-21.6791,-12.4024,57.7464,5.4312,15.6212,70.6911,9258.17,-18.0591,-3.40771,0
10222,-36.7283,58.3396,-21.6791,-12.4024,71.4955,6.35686,15.0492,70.742,8610,-18.0591,-3.40771,2
10234,-36.5047,57.9601,-21.6791,-12.4024,18.6268,-31.626,14.8257,70.3625,7867.15,-36.4593,58.1855,0
10242,-32.165,47.6036,-21.6791,-12.4024,542.463,-1294.56,10.486,60.006,7206.71,-37.2335,59.0288,0
10254,-24.937,15.8324,-21.6791,-12.4024,602.332,-2647.6,3.25799,28.2348,6761.87,-37.2335,59.0288,2
10262,-22.0741,-5.01222,-21.6791,-12.4024,357.867,-2605.58,0.395058,7.39013,6547.1,-21.7379,-12.2665,0
10274,-22.0769,-8.53247,-21.6791,-12.4024,-0.234652,-293.354,0.397874,3.86989,6471.34,-21.4298,-12.2719,0
10282,-21.9772,-9.91724,-21.6791,-12.4024,12.4708,-173.096,0.298107,2.48512,6445.46,-21.506,-13.0332,0
10294,-21.9689,-9.97169,-21.6791,-12.4024,0.691109,-4.53741,0.289814,2.43067,6434.47,-21.506,-13.0332,2
10302,-21.8754,-9.95366,-21.6791,-12.4024,11.6778,2.25346,0.196392,2.4487,6432.02,-21.506,-13.0332,2
10314,-21.6914,-9.91821,-21.6791,-12.4024,15.3368,2.95454,0.0123508,2.48415,6442.66,-21.4165,-9.86541,0
10322,-21.4278,-9.86757,-21.6791,-12.4024,32.9568,6.32918,-0.251303,2.53479,6489.14,-21.4165,-9.86541,1
10334,-21.4165,-9.86541,-21.6791,-12.4024,0.94023,0.180223,-0.262586,2.53695,6612.18,-21.4165,-9.86541,1
10346,-21.4165,-9.86541,-21.6791,-12.4024,7.97515e-05,1.52856e-05,-0.262587,2.53695,6857.69,-21.4165,-9.86541,1
10354,-21.4165,-9.86541,-21.6791,-12.4024,0,0,-0.262587,2.53695,7211.44,-21.4165,-9.86541,1
10366,-21.4165,-9.86541,-21.6791,-12.4024,0,0,-0.262587,2.53695,7538.29,-21.4165,-9.86541,1
10374,-21.4165,-9.86541,-21.6791,-12.4024,0,0,-0.262587,2.53695,7716.63,-21.4165,-9.86541,1
10386,-21.4165,-9.86541,-21.6791,-12.4024,0,0,-0.262587,2.53695,7770.9,-21.4165,-9.86541,1
10394,-21.4165,-9.86541,-21.6791,-12.4024,0,0,-0.262587,2.53695,7779.72,-21.4165,-9.86541,1
10406,-21.4165,-9.86541,-21.6791,-12.4024,0,0,-0.262587,2.53695,7780.44,-21.4165,-9.86541,1
10414,-21.4165,-9.86541,-21.6791,-12.4024,0,0,-0.262587,2.53695,7780.44,-21.4165,-9.86541,1
10426,-21.4165,-9.86541,-21.6791,-12.4024,0,0,-0.262587,2.53695,7804.63,-21.4165,-9.86541,1
10434,-21.4165,-9.86541,-21.6791,-12.4024,0,0,-0.262587,2.53695,7962.6,-21.4165,-9.86541,1
10446,-21.4165,-9.86541,-21.6791,-12.4024,0,0,-0.262587,2.53695,8469.1,-21.4165,-9.86541,1
10454,-21.4165,-9.86541,-21.6791,-12.4024,0,0,-0.262587,2.53695,9352.52,-21.4165,-9.86541,1
10466,-21.4165,-9.86541,-21.6791,-12.4024,0,0,-0.262587,2.53695,10212.6,-21.4165,-9.86541,1
10474,-21.4165,-9.86541,-21.6791,-12.4024,0,0,-0.262587,2.53695,10682.8,-21.4165,-9.86541,1
10486,-21.4165,-9.86541,-21.6791,-12.4024,0,0,-0.262587,2.53695,10817.4,-21.4165,-9.86541,2
10494,-21.4165,-9.86541,-21.6791,-12.4024,0,0,-0.262587,2.53695,10797.1,-21.4165,-9.86541,1
10507,-21.4165,-9.86541,-21.6791,-12.4024,0,0,-0.262587,2.53695,10666.8,-21.4165,-9.86541,1
10520,-21.4165,-9.86541,0,-12.4024,0,0,-21.4165,2.53695,10451.7,-21.4165,-9.86541,1
10527,-21.4165,-9.86541,0,-12.4024,0,0,-21.4165,2.53695,10259.9,-21.4165,-9.86541,1
10539,-21.4165,-9.86541,0,-12.4024,0,0,-21.4165,2.53695,10164.1,-21.4165,-9.86541,1
10547,-21.4165,-9.86541,0,-12.4024,0,0,-21.4165,2.53695,10137.3,-21.4165,-9.86541,1
10559,-21.4165,-9.86541,0,-12.4024,0,0,-21.4165,2.53695,10133.2,-21.4165,-9.86541,1
10567,-21.4165,-9.86541,0,-12.4024,0,0,-21.4165,2.53695,10132.9,-21.4165,-9.86541,1
10579,-21.4165,-9.86541,0,-12.4024,0,0,-21.4165,2.53695,10132.9,-21.4165,-9.86541,1
10587,-21.4165,-9.86541,0,-12.4024,0,0,-21.4165,2.53695,10132.9,-21.4165,-9.86541,1
10599,-21.4165,-9.86541,0,-12.4024,0,0,-21.4165,2.53695,10132.9,-21.4165,-9.86541,1
10611,-21.4165,-9.86541,0,-12.4024,0,0,-21.4165,2.53695,10132.9,-21.4165,-9.86541,1
10619,-21.4165,-9.86541,0,-12.4024,0,0,-21.4165,2.53695,10132.9,-21.4165,-9.86541,1
10631,-21.4165,-9.86541,0,-12.4024,0,0,-21.4165,2.53695,10118.8,-21.4165,-9.86541,1
10639,-21.4165,-9.86541,0,-12.4024,0,0,-21.4165,2.53695,10013.3,-21.4165,-9.86541,1
10651,-21.4165,-9.86541,0,-12.4024,0,0,-21.4165,2.53695,9638.31,-21.4165,-9.86541,1
10659,-21.4165,-9.86541,0,-12.4024,0,0,-21.4165,2.53695,8879.64,-21.4165,-9.86541,1
10671,-21.4165,-9.86541,0,-12.4024,0,0,-21.4165,2.53695,7971.55,-21.4165,-9.86541,1
10679,-21.4165,-9.86541,0,-12.4024,0,0,-21.4165,2.53695,7276.36,-21.4165,-9.86541,1
10691,-21.4165,-9.86541,0,-12.4024,0,0,-21.4165,2.53695,6881.12,-21.4165,-9.86541,1
10699,-21.4165,-9.86541,0,-12.4024,0,0,-21.4165,2.53695,6691.46,-21.4165,-9.86541,1
10711,-21.3255,-9.84799,0,-12.4024,7.57694,1.45133,-21.3255,2.55437,6610.74,-21.4165,-9.86541,1
10719,-18.9367,-9.39782,0,-12.4024,298.603,56.2718,-18.9367,3.00454,6576.04,-10.1856,61.9635,0
10731,-11.7772,-8.11765,0,-12.4024,596.625,106.681,-11.7772,4.28471,6550.21,-10.9668,58.7525,0
10739,-4.05698,-6.811,0,-12.4024,965.029,163.33,-4.05698,5.59136,6495.95,0.0861473,-11.7114,0
10751,-1.1727,-6.39123,0,-12.4024,240.357,34.9809,-1.1727,6.01113,6379.92,0.265313,-5.82053,0
10759,-0.873835,-7.75833,0,-12.4024,37.3584,-170.887,-0.873835,4.64403,6166.51,-0.693717,-5.47676,0
10771,-0.632503,-9.87384,0,-12.4024,20.111,-176.292,-0.632503,2.52852,5868.93,-0.512496,-12.5644,0
10779,-0.449382,-11.5612,0,-12.4024,22.89,-210.922,-0.449382,0.841142,5605.29,-0.271515,-13.3071,0
10791,-0.327012,-12.7142,0,-12.4024,10.1975,-96.0792,-0.327012,-0.311808,5462.68,-0.303919,-13.2511,0
10799,-0.293223,-13.0356,0,-12.4024,4.22355,-40.1791,-0.293223,-0.633241,5412.35,-0.23232,-13.2484,0
10811,-0.285818,-13.0893,0,-12.4024,0.617086,-4.47738,-0.285818,-0.686969,5398.92,0.0154827,-13.1719,0
10819,-0.277835,-13.1054,0,-12.4024,0.997942,-2.00808,-0.277835,-0.703034,5396.15,-0.279057,-13.1088,0
10831,-0.271798,-13.1606,0,-12.4024,0.503068,-4.59789,-0.271798,-0.758209,5397.66,-0.048368,-13.2877,0
10839,-0.268235,-13.1977,0,-12.4024,0.445356,-4.64446,-0.268235,-0.795364,5404.8,-0.243658,-13.3813,0
10851,-0.276159,-13.2005,0,-12.4024,-0.660322,-0.231212,-0.276159,-0.798139,5417.85,-0.439619,-13.1172,0
10863,-0.301735,-13.2022,0,-12.4024,-2.13131,-0.142034,-0.301735,-0.799843,5431.13,-0.315202,-13.1913,0
10871,-0.346755,-13.1581,0,-12.4024,-5.62749,5.51109,-0.346755,-0.755755,5439.15,-0.382366,-13.0843,0
10883,-0.390471,-13.1626,0,-12.4024,-3.64302,-0.375433,-0.390471,-0.76026,5443.16,-0.45617,-12.9731,0
10891,-0.450703,-13.1727,0,-12.4024,-7.52902,-1.25765,-0.450703,-0.770321,5446.76,-0.502729,-13.1396,0
10903,-0.485825,-13.1979,0,-12.4024,-2.92688,-2.10083,-0.485825,-0.795531,5451.39,-0.50086,-13.2612,0
10911,-0.481568,-13.2532,0,-12.4024,0.532133,-6.91093,-0.481568,-0.850818,5458.5,-0.206831,-13.2998,0
10923,-0.480368,-13.2554,0,-12.4024,0.100024,-0.186503,-0.480368,-0.853056,5469.12,-0.549918,-13.2653,0
10931,-0.452587,-13.2511,0,-12.4024,3.47263,0.535526,-0.452587,-0.848772,5479.75,-0.47443,-12.9539,0
10943,-0.3049,-13.2292,0,-12.4024,12.3072,1.83161,-0.3049,-0.826793,5485.89,-0.0794589,-13.2954,0
10951,-0.145971,-13.2237,0,-12.4024,19.8662,0.685294,-0.145971,-0.82131,5487.82,-0.164639,-13.0385,0
10963,-0.0974932,-13.2377,0,-12.4024,4.03978,-1.16656,-0.0974932,-0.835309,5488.14,-0.161123,-13.4627,0
10971,0.00304857,-13.2368,0,-12.4024,12.5677,0.103836,0.00304857,-0.834479,5488.16,0.0883482,-13.2081,0
10983,0.107031,-13.2405,0,-12.4024,8.66524,-0.305512,0.107031,-0.838145,5488.16,0.282989,-13.059,0
10991,0.136576,-13.2514,0,-12.4024,3.69304,-1.36802,0.136576,-0.849089,5488.3,0.137451,-13.3234,0
11003,0.142967,-13.2636,0,-12.4024,0.532622,-1.01402,0.142967,-0.861257,5489.28,0.154086,-13.2784,0
11011,0.148049,-13.263,0,-12.4024,0.635221,0.0826618,0.148049,-0.860596,5492.64,0.242226,-13.4449,0
11023,0.14201,-13.2527,0,-12.4024,-0.503286,0.85765,0.14201,-0.850304,5499.11,0.138788,-13.2549,0
11031,0.137455,-13.216,0,-12.4024,-0.569287,4.57873,0.137455,-0.813674,5506.6,0.143313,-13.0787,0
11043,0.115364,-13.1305,0,-12.4024,-1.84096,7.12642,0.115364,-0.728157,5512.24,0.0382577,-13.3192,0
11051,0.0961629,-13.097,0,-12.4024,-2.40009,4.19237,0.0961629,-0.694618,5515.78,0.0798929,-13.0909,0
11063,0.0954381,-13.0964,0,-12.4024,-0.0603991,0.0464455,0.0954381,-0.694061,5519.13,0.0860779,-12.9775,0
11071,0.0968724,-13.1137,0,-12.4024,0.179285,-2.16006,0.0968724,-0.711341,5524.09,0.0042253,-13.1335,0
11083,0.0890979,-13.1157,0,-12.4024,-0.647878,-0.164063,0.0890979,-0.71331,5530.43,0.335628,-13.0944,0
11091,0.0893935,-13.1166,0,-12.4024,0.0369468,-0.111388,0.0893935,-0.714201,5536.12,0.202332,-13.2523,0
11103,0.105008,-13.136,0,-12.4024,1.30119,-1.61729,0.105008,-0.733609,5539.62,0.0984169,-13.2351,0
11115,0.128176,-13.1452,0,-12.4024,1.93069,-0.765752,0.128176,-0.742798,5541.3,-0.0621309,-13.0767,0
11123,0.105252,-13.1577,0,-12.4024,-2.86552,-1.56698,0.105252,-0.755333,5542.15,0.266961,-13.0503,0
11135,0.104803,-13.1581,0,-12.4024,-0.0374064,-0.0368781,0.104803,-0.755776,5542.47,0.151221,-13.2152,0
11143,0.11871,-13.1576,0,-12.4024,1.73837,0.0635994,0.11871,-0.755267,5542.26,0.0428262,-13.3852,0
11155,0.123598,-13.1956,0,-12.4024,0.407308,-3.16686,0.123598,-0.793269,5541.76,0.13344,-13.1079,0
11163,0.135264,-13.2302,0,-12.4024,1.45833,-4.32213,0.135264,-0.827846,5541.24,0.142721,-13.2577,0
11175,0.136156,-13.2316,0,-12.4024,0.0743201,-0.115711,0.136156,-0.829235,5540.75,0.11644,-13.2281,0
11183,0.14518,-13.2299,0,-12.4024,1.12803,0.213313,0.14518,-0.827528,5540.78,0.161184,-13.2821,0
11195,0.152825,-13.2211,0,-12.4024,0.637047,0.733755,0.152825,-0.818723,5542.74,0.357044,-13.1859,0
11203,0.206036,-13.2012,0,-12.4024,6.65145,2.49125,0.206036,-0.798793,5548.94,0.127156,-13.1094,0
11215,0.295119,-13.1512,0,-12.4024,7.42355,4.15951,0.295119,-0.748879,5560.03,0.387633,-13.1483,0
11223,0.321124,-13.1138,0,-12.4024,3.25055,4.67409,0.321124,-0.711487,5572.38,0.455826,-12.8702,0
11235,0.356223,-13.048,0,-12.4024,2.92497,5.48982,0.356223,-0.645609,5582.07,0.135009,-12.7059,0
11243,0.394301,-12.9861,0,-12.4024,4.75976,7.73048,0.394301,-0.583765,5589.18,0.299321,-13.1145,0
11255,0.439267,-12.9706,0,-12.4024,3.74719,1.29597,0.439267,-0.568213,5595.37,0.526726,-13.0402,0
11263,0.444896,-12.931,0,-12.4024,0.703598,4.94615,0.444896,-0.528644,5600.69,0.439006,-12.9003,0
11275,0.444741,-12.9262,0,-12.4024,-0.0129324,0.402727,0.444741,-0.523811,5604.64,0.37715,-12.8929,0
11283,0.434758,-12.8538,0,-12.4024,-1.24794,9.0432,0.434758,-0.451466,5607.68,0.568414,-12.6033,0
11295,0.371431,-12.8192,0,-12.4024,-5.2772,2.88496,0.371431,-0.416846,5610.26,0.335409,-12.7732,0
11303,0.339875,-12.822,0,-12.4024,-3.94447,-0.345985,0.339875,-0.419614,5612.53,0.355475,-13.0339,0
11315,0.334469,-12.8157,0,-12.4024,-0.450489,0.524498,0.334469,-0.41332,5615.18,0.00313361,-12.8611,0
11323,0.333748,-12.8111,0,-12.4024,-0.0901582,0.566435,0.333748,-0.408789,5618.75,0.343828,-12.9368,0
11335,0.331289,-12.8116,0,-12.4024,-0.204952,-0.035369,0.331289,-0.409213,5622.73,0.167655,-12.8588,0
11343,0.326735,-12.8202,0,-12.4024,-0.569261,-1.0736,0.326735,-0.417802,5626.3,0.446994,-12.754,0
11355,0.304965,-12.882,0,-12.4024,-1.81418,-5.15696,0.304965,-0.479685,5629.16,0.532869,-12.7601,0
11367,0.266066,-12.8994,0,-12.4024,-3.24151,-1.44391,0.266066,-0.497012,5630.95,0.208542,-12.9671,0
11375,0.309296,-12.9935,0,-12.4024,5.40372,-11.7669,0.309296,-0.591148,5631.68,0.307519,-13.137,0
11387,0.311271,-12.9976,0,-12.4024,0.164602,-0.342635,0.311271,-0.595259,5631.8,0.378858,-13.1282,0
11395,0.313839,-12.9979,0,-12.4024,0.321006,-0.0338683,0.313839,-0.59553,5631.54,0.179315,-12.9988,0
11407,0.372251,-13.0037,0,-12.4024,4.86765,-0.486012,0.372251,-0.601362,5630.6,0.41098,-12.9194,0
11415,0.373918,-12.9952,0,-12.4024,0.208332,1.06491,0.373918,-0.592843,5628.83,0.437147,-12.7728,0
11427,0.368617,-12.9629,0,-12.4024,-0.441737,2.69326,0.368617,-0.560524,5626.49,0.586742,-12.9417,0
11435,0.313383,-12.9472,0,-12.4024,-6.90424,1.95622,0.313383,-0.544874,5623.02,-0.0761314,-13.0874,0
11447,0.118885,-12.9752,0,-12.4024,-16.2081,-2.32992,0.118885,-0.572833,5617.1,-0.00126845,-12.967,0
11455,0.0269974,-12.9887,0,-12.4024,-11.486,-1.68684,0.0269974,-0.586328,5609.48,0.0814529,-12.968,0
11467,-0.00820532,-12.9785,0,-12.4024,-2.93356,0.848669,-0.00820532,-0.576144,5603.01,-0.0365151,-13.0888,0
11475,-0.0220513,-12.9674,0,-12.4024,-1.73075,1.38338,-0.0220513,-0.565077,5599.27,0.210459,-12.8934,0
11487,-0.0311647,-12.9683,0,-12.4024,-0.759454,-0.0715069,-0.0311647,-0.565935,5598.02,-0.00497653,-12.8154,0
11495,-0.0361179,-12.9696,0,-12.4024,-0.619151,-0.157867,-0.0361179,-0.567198,5598.61,-0.136803,-12.79,0
11507,-0.0268458,-12.9792,0,-12.4024,0.772676,-0.802379,-0.0268458,-0.576826,5600.3,-0.0815622,-13.0109,0
11515,-0.0273699,-12.9741,0,-12.4024,-0.0655106,0.630704,-0.0273699,-0.571781,5602.49,0.183296,-13.0374,0
11527,-0.0357561,-12.9752,0,-12.4024,-0.698849,-0.0874831,-0.0357561,-0.57283,5604.63,0.0234028,-13.0618,0
11535,-0.0383187,-12.9746,0,-12.4024,-0.320324,0.0791052,-0.0383187,-0.572198,5605.9,-0.00859969,-12.7698,0
11547,-0.0889683,-12.959,0,-12.4024,-4.2208,1.29944,-0.0889683,-0.556604,5606.01,-0.186505,-12.8452,0
11555,-0.106753,-12.9606,0,-12.4024,-2.22311,-0.204333,-0.106753,-0.558239,5604.94,-0.195577,-13.0532,0
11567,-0.107721,-12.958,0,-12.4024,-0.080642,0.217594,-0.107721,-0.555628,5602.53,-0.119907,-12.8901,0
11575,-0.107631,-12.941,0,-12.4024,0.0112263,2.12498,-0.107631,-0.538628,5598.35,-0.0516794,-13.1504,0
11587,-0.0631157,-12.954,0,-12.4024,3.70962,-1.08721,-0.0631157,-0.551674,5592.61,0.0726842,-12.9725,0
11595,-0.0403909,-12.9505,0,-12.4024,2.84059,0.439417,-0.0403909,-0.548159,5587.78,-0.0368174,-12.9079,0
11607,0.0217439,-12.9165,0,-12.4024,5.1779,2.83731,0.0217439,-0.514111,5586.19,0.10908,-12.9968,0
11619,0.0295359,-12.8279,0,-12.4024,0.649333,7.37986,0.0295359,-0.425553,5586.82,0.194304,-12.7181,0
11627,0.0255948,-12.784,0,-12.4024,-0.492634,5.48925,0.0255948,-0.381639,5587.09,0.0812833,-12.6098,0
11639,0.0258708,-12.7822,0,-12.4024,0.0230016,0.153047,0.0258708,-0.379803,5585.96,-0.109813,-13.0462,0
11647,0.0332108,-12.7829,0,-12.4024,0.917496,-0.0969523,0.0332108,-0.380578,5583.74,-0.188856,-12.7986,0
11659,-0.0371983,-12.8383,0,-12.4024,-5.86743,-4.61079,-0.0371983,-0.435908,5581.11,-0.15164,-12.8813,0
11667,-0.0392835,-12.8614,0,-12.4024,-0.260645,-2.89433,-0.0392835,-0.459062,5578.03,0.396195,-12.8218,0
11679,-0.062058,-12.8824,0,-12.4024,-1.89787,-1.74786,-0.062058,-0.480037,5574.53,-0.0652454,-12.8636,0
11687,-0.0394689,-12.9507,0,-12.4024,2.82363,-8.54396,-0.0394689,-0.548388,5571.41,0.135267,-13.1012,0
11699,-0.0282404,-13.0589,0,-12.4024,0.935713,-9.0105,-0.0282404,-0.656514,5569.16,-0.290506,-13.184,0
11707,-0.0397496,-13.1152,0,-12.4024,-1.43865,-7.03808,-0.0397496,-0.712819,5567.78,-0.0425042,-13.1066,0
11719,-0.0566825,-13.1239,0,-12.4024,-1.41107,-0.728561,-0.0566825,-0.721562,5566.84,0.0115381,-12.9069,0
11727,-0.0566871,-13.1241,0,-12.4024,-0.00057526,-0.0217691,-0.0566871,-0.721736,5565.77,-0.101651,-13.2055,0
11739,-0.0386857,-13.1213,0,-12.4024,1.50011,0.235391,-0.0386857,-0.718911,5564.32,-0.0721779,-13.228,0
11747,0.00382692,-13.1132,0,-12.4024,5.31408,1.00708,0.00382692,-0.710854,5562.43,0.0572805,-12.8969,0
11759,0.0965273,-13.0884,0,-12.4024,7.72503,2.06398,0.0965273,-0.686087,5560.67,0.155168,-13.0742,0
11767,0.182525,-13.069,0,-12.4024,10.7498,2.42966,0.182525,-0.666649,5560.06,0.343122,-13.0664,0
11779,0.294722,-13.0463,0,-12.4024,9.34972,1.89044,0.294722,-0.643964,5560.95,0.338916,-13.0445,0
11787,0.453811,-13.0207,0,-12.4024,19.8861,3.20356,0.453811,-0.618336,5562.96,0.648167,-12.9863,0
11799,0.460509,-12.9997,0,-12.4024,0.55814,1.74648,0.460509,-0.597378,5565.63,0.56399,-12.8149,0
11807,0.501662,-12.9714,0,-12.4024,5.1441,3.53665,0.501662,-0.569085,5569.39,0.633008,-12.7851,0
11819,0.499392,-12.9633,0,-12.4024,-0.189131,0.676477,0.499392,-0.560967,5576.95,0.325638,-13.0052,0
11827,0.420897,-12.9527,0,-12.4024,-9.81187,1.3282,0.420897,-0.550341,5589.21,0.429873,-12.9972,0
11839,0.401204,-12.9335,0,-12.4024,-1.64113,1.60296,0.401204,-0.531106,5601.97,0.39775,-12.9653,0
11847,0.37779,-12.9507,0,-12.4024,-2.92666,-2.15588,0.37779,-0.548353,5612.17,0.490795,-12.7901,0
11859,0.373757,-12.9381,0,-12.4024,-0.336103,1.05126,0.373757,-0.535738,5620.84,0.300775,-12.7826,0
11871,0.336474,-12.9425,0,-12.4024,-3.10693,-0.366544,0.336474,-0.540136,5628.01,0.299906,-13.0465,0
11879,0.332494,-12.9259,0,-12.4024,-0.49755,2.07143,0.332494,-0.523565,5632.34,0.487268,-13.1971,0
11891,0.318535,-12.9273,0,-12.4024,-1.16319,-0.116948,0.318535,-0.524968,5634.59,0.303163,-12.882,0
11899,0.317989,-12.928,0,-12.4024,-0.0682317,-0.089669,0.317989,-0.525685,5635.93,0.375822,-12.9154,0
11911,0.319498,-12.9403,0,-12.4024,0.125725,-1.02344,0.319498,-0.537967,5636.74,0.312281,-12.8127,0
11919,0.32049,-12.8955,0,-12.4024,0.124013,5.6045,0.32049,-0.493131,5637.23,0.482826,-12.7234,0
11931,0.315106,-12.8408,0,-12.4024,-0.448691,4.55963,0.315106,-0.438415,5636.48,0.101508,-13.021,0
11939,0.31092,-12.7949,0,-12.4024,-0.523182,5.72915,0.31092,-0.392582,5634.53,0.321067,-12.7673,0
11951,0.320783,-12.7712,0,-12.4024,0.821914,1.98098,0.320783,-0.36881,5633.29,0.2943,-12.7715,0
11959,0.325265,-12.7668,0,-12.4024,0.560236,0.546812,0.325265,-0.364436,5633.81,0.388144,-12.7407,0
11971,0.355544,-12.762,0,-12.4024,2.52321,0.40212,0.355544,-0.35961,5636.34,0.52604,-12.7099,0
11979,0.378079,-12.7581,0,-12.4024,2.81693,0.489332,0.378079,-0.355696,5640.03,0.401543,-12.7538,0
11991,0.385606,-12.7526,0,-12.4024,0.627226,0.457626,0.385606,-0.350204,5642.42,0.451337,-12.5125,0
11999,0.3905,-12.7435,0,-12.4024,0.611727,1.12835,0.3905,-0.341177,5641.75,0.377904,-12.7121,0
12011,0.415662,-12.7327,0,-12.4024,2.09681,0.907117,0.415662,-0.330292,5630.81,0.272603,-12.822,0
12023,0.455564,-12.7153,21.6791,-12.4024,3.32519,1.44578,-21.2235,-0.312942,5580.24,0.272603,-12.822,2
12030,0.812397,-11.9158,21.6791,-12.4024,50.9761,114.218,-20.8667,0.486583,5434.07,0.272603,-12.822,2
12042,8.59365,8.76266,21.6791,-12.4024,648.438,1723.2,-13.0854,21.165,5181.62,30.5597,58.8437,0
12050,14.0308,41.6996,21.6791,-12.4024,679.641,4117.12,-7.64827,54.1019,4929.72,30.7088,59.0229,0
12062,11.6314,51.6432,21.6791,-12.4024,-199.951,828.632,-10.0477,64.0455,4787.69,31.4503,58.9968,0
12070,11.4872,52.0299,21.6791,-12.4024,-18.0177,48.3458,-10.1918,64.4323,4743.81,31.6299,58.7291,0
12082,11.409,52.2157,21.6791,-12.4024,-6.5181,15.481,-10.27,64.6181,4736.63,31.6299,58.7291,2
12090,11.2865,52.4924,21.6791,-12.4024,-15.3108,34.5823,-10.3925,64.8947,4736.04,31.6299,58.7291,2
12102,11.1809,52.672,21.6791,-12.4024,-8.80512,14.9688,-10.4982,65.0743,4736.04,31.6299,58.7291,2
12110,11.1061,52.714,21.6791,-12.4024,-9.34527,5.24753,-10.573,65.1163,4736.76,31.6299,58.7291,2
12122,11.103,52.7155,21.6791,-12.4024,-0.258158,0.126948,-10.5761,65.1179,4741.71,31.6299,58.7291,2
12134,11.5507,52.8006,21.6791,-12.4024,37.3103,7.09,-10.1283,65.2029,4758.41,31.6299,58.7291,2
12142,21.8004,54.7926,21.6791,-12.4024,1281.21,249,0.121358,67.1949,4789.85,-55.1168,34.3268,0
12154,30.9344,57.615,21.6791,-12.4024,761.167,235.205,9.25536,70.0174,4824.25,-55.4336,33.7036,0
12162,31.3933,58.6715,21.6791,-12.4024,57.3611,132.06,9.71425,71.0739,4846.77,-55.5626,34.7202,0
12174,31.6004,58.7269,21.6791,-12.4024,17.2592,4.61654,9.92136,71.1293,4856.06,-55.5398,36.0719,0
12182,31.6291,58.729,21.6791,-12.4024,3.57998,0.261777,9.95,71.1314,4859.4,-55.7627,36.5403,0
12194,31.6299,58.7291,21.6791,-12.4024,0.0724361,0.00528936,9.95087,71.1314,4861.92,-56.1146,35.1326,0
12202,31.6299,58.7291,21.6791,-12.4024,9.20781e-06,6.72368e-07,9.95087,71.1314,4865.71,-56.1103,34.8238,0
12214,31.6299,58.7291,21.6791,-12.4024,0,0,9.95087,71.1314,4871.83,-56.0666,34.5243,0
12222,31.6325,58.7298,21.6791,-12.4024,0.322135,0.087545,9.95345,71.1321,4879.95,-56.0666,34.5243,2
12234,31.7002,58.7478,21.6791,-12.4024,5.63994,1.50093,10.0211,71.1501,4889.06,32.7754,59.1253,0
12242,31.9209,58.7978,21.6791,-12.4024,27.594,6.25175,10.2419,71.2001,4899.3,32.4787,59.1591,0
12254,32.2212,58.8487,21.6791,-12.4024,25.023,4.23875,10.5422,71.251,4911.01,32.2795,59.2206,0
12262,32.4385,58.8788,21.6791,-12.4024,27.1618,3.77299,10.7595,71.2812,4922.5,32.3957,59.3355,0
12274,32.6233,58.8994,21.6791,-12.4024,15.3974,1.71259,10.9442,71.3017,4931.05,32.023,59.207,0
12282,33.9929,59.0024,21.6791,-12.4024,171.208,12.8758,12.3139,71.4048,4935.99,37.4811,59.5848,0
12294,35.8931,59.1575,21.6791,-12.4024,158.344,12.9229,14.214,71.5598,4938.86,38.6117,59.3758,0
12302,37.2279,59.2836,21.6791,-12.4024,166.859,15.77,15.5489,71.686,4940.85,38.4694,59.3099,0
12314,37.959,59.3604,21.6791,-12.4024,60.9229,6.39984,16.28,71.7628,4942.62,38.2635,59.3306,0
12322,38.0329,59.4134,21.6791,-12.4024,9.23084,6.62672,16.3538,71.8158,4944.53,37.984,59.5548,0
12334,38.0757,59.4188,21.6791,-12.4024,3.57317,0.44836,16.3967,71.8212,4946.19,38.136,59.5633,0
12342,38.1419,59.419,21.6791,-12.4024,8.26995,0.0224448,16.4628,71.8214,4947.28,38.084,59.5018,0
12354,38.2373,59.3838,21.6791,-12.4024,7.95045,-2.92936,16.5582,71.7862,4948.74,38.3351,59.2047,0
12362,38.3564,59.3534,21.6791,-12.4024,14.8857,-3.80124,16.6773,71.7558,4952.58,38.6012,59.149,0
12374,38.401,59.345,21.6791,-12.4024,3.71873,-0.705267,16.722,71.7473,4959.69,38.4364,59.3047,0
12386,38.4052,59.3357,21.6791,-12.4024,0.345674,-0.774749,16.7261,71.738,4968.21,38.4457,59.4135,0
12394,38.3905,59.3744,21.6791,-12.4024,-1.82776,4.84298,16.7115,71.7768,4976.98,38.3688,59.3855,0
12406,38.286,59.3851,21.6791,-12.4024,-8.71519,0.891077,16.6069,71.7875,4988.04,38.215,59.349,0
12414,38.154,59.3761,21.6791,-12.4024,-16.4915,-1.13152,16.475,71.7784,5001.42,38.0865,59.4382,0
12426,37.9848,59.3623,21.6791,-12.4024,-14.1055,-1.15005,16.3057,71.7646,5013.68,37.8636,59.3585,0
12434,37.8117,59.3484,21.6791,-12.4024,-21.6332,-1.72984,16.1326,71.7508,5022.16,37.7457,59.3367,0
12446,37.7941,59.353,21.6791,-12.4024,-1.46434,0.384067,16.1151,71.7554,5026.09,37.7253,59.3482,0
12454,37.7236,59.3477,21.6791,-12.4024,-8.81202,-0.660495,16.0446,71.7501,5028.56,37.1276,59.2289,0
12466,37.312,59.3318,21.6791,-12.4024,-34.3041,-1.33106,15.6329,71.7341,5032.63,37.848,59.366,0
12474,34.4106,59.422,21.6791,-12.4024,-362.676,11.2728,12.7315,71.8243,5034.85,31.4333,59.5304,0
12486,31.6262,59.5357,21.6791,-12.4024,-232.033,9.47757,9.94712,71.938,5030.91,31.5042,59.545,0
12494,31.5043,59.5448,21.6791,-12.4024,-15.2368,1.14417,9.82522,71.9472,5022.89,31.5042,59.545,1
12506,31.5042,59.545,21.6791,-12.4024,-0.00654138,0.0159066,9.82514,71.9474,5016.06,31.5042,59.545,1
12514,31.5042,59.545,21.6791,-12.4024,-7.23896e-07,2.01941e-06,9.82514,71.9474,5012.89,31.5042,59.545,1
12526,31.5042,59.545,21.6791,-12.4024,0,0,9.82514,71.9474,5012.22,31.5042,59.545,1
12534,31.5042,59.545,21.6791,-12.4024,0,0,9.82514,71.9474,5012.29,31.5042,59.545,1
12546,31.5042,59.545,21.6791,-12.4024,0,0,9.82514,71.9474,5012.38,31.5042,59.545,1
12554,31.5042,59.545,21.6791,-12.4024,0,0,9.82514,71.9474,5012.41,31.5042,59.545,1
12566,31.5042,59.545,21.6791,-12.4024,0,0,9.82514,71.9474,5012.42,31.5042,59.545,1
12574,31.5042,59.545,21.6791,-12.4024,0,0,9.82514,71.9474,5012.42,31.5042,59.545,1
12586,31.5042,59.545,21.6791,-12.4024,0,0,9.82514,71.9474,5012.42,31.5042,59.545,1
12594,31.5042,59.545,21.6791,-12.4024,0,0,9.82514,71.9474,5012.42,31.5042,59.545,1
12606,31.5042,59.545,21.6791,-12.4024,0,0,9.82514,71.9474,5012.42,31.5042,59.545,1
12614,31.5042,59.545,21.6791,-12.4024,0,0,9.82514,71.9474,5012.42,31.5042,59.545,1
12626,31.5042,59.545,21.6791,-12.4024,0,0,9.82514,71.9474,5012.42,31.5042,59.545,1
12638,31.5042,59.545,21.6791,-12.4024,0,0,9.82514,71.9474,5012.42,31.5042,59.545,1
12646,31.5042,59.545,21.6791,-12.4024,0,0,9.82514,71.9474,5012.42,31.5042,59.545,1
12658,31.5042,59.545,21.6791,-12.4024,0,0,9.82514,71.9474,5012.42,31.5042,59.545,1
12666,31.5042,59.545,21.6791,-12.4024,0,0,9.82514,71.9474,5012.42,31.5042,59.545,1
12678,31.5042,59.545,21.6791,-12.4024,0,0,9.82514,71.9474,5012.42,31.5042,59.545,1
12686,31.5042,59.545,21.6791,-12.4024,0,0,9.82514,71.9474,5012.42,31.5042,59.545,1
12698,31.5042,59.545,21.6791,-12.4024,0,0,9.82514,71.9474,5012.42,31.5042,59.545,1
12706,31.5042,59.545,21.6791,-12.4024,0,0,9.82514,71.9474,5012.42,31.5042,59.545,1
12718,31.5042,59.545,21.6791,-12.4024,0,0,9.82514,71.9474,5012.42,31.5042,59.545,1
12726,31.5042,59.545,21.6791,-12.4024,0,0,9.82514,71.9474,5012.42,31.5042,59.545,1
12738,31.5042,59.545,21.6791,-12.4024,0,0,9.82514,71.9474,5010.75,31.5042,59.545,1
12746,31.5042,59.545,21.6791,-12.4024,0,0,9.82514,71.9474,5000.66,31.5042,59.545,1
12758,31.5042,59.545,21.6791,-12.4024,0,0,9.82514,71.9474,4970.33,31.5042,59.545,1
12766,31.5042,59.545,21.6791,-12.4024,0,0,9.82514,71.9474,4922.26,31.5042,59.545,1
12778,31.5042,59.545,21.6791,-12.4024,0,0,9.82514,71.9474,4880.23,31.5042,59.545,1
12786,31.5042,59.545,21.6791,-12.4024,0,0,9.82514,71.9474,4857.4,31.5042,59.545,1
12798,31.3377,59.4914,21.6791,-12.4024,-13.8745,-4.46753,9.65865,71.8938,4848.36,31.5042,59.545,2
12806,27.0781,58.0741,21.6791,-12.4024,-532.456,-177.166,5.399,70.4765,4850.54,-55.6077,35.3145,0
12818,18.5636,53.8775,21.6791,-12.4024,-709.537,-349.715,-3.11545,66.2799,4869.62,-55.8007,36.4288,0
12826,14.5319,49.1758,21.6791,-12.4024,-503.969,-587.719,-7.1472,61.5781,4906.22,-56.0077,36.8181,0
12838,14.9717,46.6542,21.6791,-12.4024,36.6501,-210.131,-6.7074,59.0565,4951.68,-56.0532,35.5108,0
12846,17.493,34.3799,21.6791,-12.4024,315.17,-1534.28,-4.18604,46.7823,4997.96,20.8397,-10.9628,0
12858,20.0301,11.8691,21.6791,-12.4024,211.427,-1875.9,-1.64892,24.2715,5037.36,21.3694,-12.3287,0
12867,21.0526,-4.31007,21.6791,-12.4024,113.61,-1797.69,-0.62643,8.09229,5064.11,20.9624,-12.0407,0
12878,21.3428,-11.6535,21.6791,-12.4024,26.3777,-667.589,-0.336275,0.748813,5079.28,21.0795,-12.0649,0
12890,21.352,-11.9593,21.6791,-12.4024,0.768358,-25.4777,-0.327054,0.44308,5087.69,21.2908,-12.0879,0
12898,21.351,-11.9699,21.6791,-12.4024,-0.122144,-1.32344,-0.328031,0.432493,5093.96,21.5684,-12.2243,0
12910,21.3514,-11.9832,21.6791,-12.4024,0.0284168,-1.10839,-0.32769,0.419192,5099.57,21.3403,-12.1877,0
12918,21.3515,-11.9837,21.6791,-12.4024,0.0153175,-0.0686124,-0.327568,0.418643,5103.59,21.3585,-12.3558,0
12930,21.3554,-11.9827,21.6791,-12.4024,0.327336,0.0844347,-0.32364,0.419656,5106.19,21.6339,-11.9425,0
12938,21.3931,-11.9693,21.6791,-12.4024,4.70693,1.67379,-0.285984,0.433047,5108.47,21.5678,-11.8246,0
12950,21.4606,-11.9728,21.6791,-12.4024,5.63138,-0.291238,-0.218408,0.429552,5110.59,21.3571,-11.9515,0
12958,21.4903,-11.9842,21.6791,-12.4024,3.70295,-1.42455,-0.188784,0.418155,5112.57,21.4252,-11.9447,0
12970,21.4585,-12.0447,21.6791,-12.4024,-2.64487,-5.04446,-0.220523,0.357622,5115.65,21.5033,-12.1364,0
12978,21.4295,-12.1706,21.6791,-12.4024,-3.63489,-15.729,-0.249602,0.23179,5120.33,21.4995,-12.4166,0
12990,21.4624,-12.1757,21.6791,-12.4024,2.74165,-0.42795,-0.216702,0.226655,5124.93,21.3732,-12.9048,0
12998,21.5027,-12.2973,21.6791,-12.4024,5.03915,-15.1948,-0.176389,0.105097,5127.92,21.4223,-12.2035,0
13010,21.5557,-12.2941,21.6791,-12.4024,4.41862,0.265724,-0.123365,0.108285,5129.12,21.6031,-11.9908,0
13018,21.6468,-12.2756,21.6791,-12.4024,11.3845,2.30499,-0.0322895,0.126725,5128.92,21.723,-12.379,0
13030,21.7013,-12.193,21.6791,-12.4024,4.54064,6.88217,0.0221982,0.209311,5128.52,21.6822,-12.159,0
13038,21.7728,-12.1819,21.6791,-12.4024,8.9382,1.38817,0.0937038,0.220417,5129.02,21.8525,-12.452,0
13050,21.8368,-12.2728,21.6791,-12.4024,5.3405,-7.57426,0.15779,0.129526,5130.67,21.8293,-12.2016,0
13058,21.8381,-12.2236,21.6791,-12.4024,0.152946,6.15191,0.159013,0.178741,5132.71,21.9884,-12.0626,0
13070,21.8379,-12.2399,21.6791,-12.4024,-0.0173797,-1.35974,0.158805,0.162424,5134.02,21.9817,-12.3368,0
13078,21.8227,-12.2434,21.6791,-12.4024,-1.89967,-0.43434,0.143607,0.158949,5134.34,21.8143,-12.2449,0
13090,21.8146,-12.2448,21.6791,-12.4024,-0.670519,-0.117113,0.135561,0.157544,5133.79,21.8143,-12.2449,1
13098,21.8143,-12.2449,21.6791,-12.4024,-0.040605,-0.00709132,0.135236,0.157487,5131.83,21.8143,-12.2449,1
13110,21.8143,-12.2449,21.6791,-12.4024,-2.29564e-06,-4.00914e-07,0.135236,0.157487,5128.29,21.8143,-12.2449,1
13118,21.8143,-12.2449,21.6791,-12.4024,0,0,0.135236,0.157487,5124.2,21.8143,-12.2449,1
13130,21.8143,-12.2449,21.6791,-12.4024,0,0,0.135236,0.157487,5120.97,21.8143,-12.2449,1
13142,21.8143,-12.2449,21.6791,-12.4024,0,0,0.135236,0.157487,5119.3,21.8143,-12.2449,1
13150,21.8143,-12.2449,21.6791,-12.4024,0,0,0.135236,0.157487,5118.8,21.8143,-12.2449,1
13162,21.8143,-12.2449,21.6791,-12.4024,0,0,0.135236,0.157487,5118.71,21.8143,-12.2449,1
13170,21.8143,-12.2449,21.6791,-12.4024,0,0,0.135236,0.157487,5118.71,21.8143,-12.2449,1
13182,21.8143,-12.2449,21.6791,-12.4024,0,0,0.135236,0.157487,5118.71,21.8143,-12.2449,1
13190,21.8143,-12.2449,21.6791,-12.4024,0,0,0.135236,0.157487,5118.71,21.8143,-12.2449,1
13202,21.8143,-12.2449,21.6791,-12.4024,0,0,0.135236,0.157487,5118.71,21.8143,-12.2449,1
13210,21.8143,-12.2449,21.6791,-12.4024,0,0,0.135236,0.157487,5118.71,21.8143,-12.2449,1
13222,21.8143,-12.2449,21.6791,-12.4024,0,0,0.135236,0.157487,5118.71,21.8143,-12.2449,1
13230,21.8143,-12.2449,21.6791,-12.4024,0,0,0.135236,0.157487,5118.71,21.8143,-12.2449,1
13242,21.8143,-12.2449,21.6791,-12.4024,0,0,0.135236,0.157487,5118.71,21.8143,-12.2449,1
13250,21.8143,-12.2449,21.6791,-12.4024,0,0,0.135236,0.157487,5118.71,21.8143,-12.2449,1
13262,21.8143,-12.2449,21.6791,-12.4024,0,0,0.135236,0.157487,5118.71,21.8143,-12.2449,1
13270,21.8143,-12.2449,21.6791,-12.4024,0,0,0.135236,0.157487,5118.71,21.8143,-12.2449,1
13282,21.8143,-12.2449,21.6791,-12.4024,0,0,0.135236,0.157487,5118.71,21.8143,-12.2449,1
13290,21.8143,-12.2449,21.6791,-12.4024,0,0,0.135236,0.157487,5118.71,21.8143,-12.2449,1
13302,21.8143,-12.2449,21.6791,-12.4024,0,0,0.135236,0.157487,5118.71,21.8143,-12.2449,1
13310,21.8143,-12.2449,21.6791,-12.4024,0,0,0.135236,0.157487,5116.03,21.8143,-12.2449,1
13322,21.8143,-12.2449,21.6791,-12.4024,0,0,0.135236,0.157487,5096.17,21.8143,-12.2449,1
13330,21.8143,-12.2449,21.6791,-12.4024,0,0,0.135236,0.157487,5026.6,21.8143,-12.2449,1
13342,21.8143,-12.2449,21.6791,-12.4024,0,0,0.135236,0.157487,4890.53,21.8143,-12.2449,1
13350,21.8143,-12.2449,21.6791,-12.4024,0,0,0.135236,0.157487,4741.13,21.8143,-12.2449,1
13362,21.8143,-12.2449,21.6791,-12.4024,0,0,0.135236,0.157487,4650.79,21.8143,-12.2449,1
13370,21.8143,-12.2449,21.6791,-12.4024,0,0,0.135236,0.157487,4621.9,21.8143,-12.2449,1
13382,21.8143,-12.2449,21.6791,-12.4024,0,0,0.135236,0.157487,4621.95,21.8143,-12.2449,1
13394,21.8143,-12.2449,21.6791,-12.4024,0,0,0.135236,0.157487,4646,21.8143,-12.2449,1
13402,20.9919,-11.8083,21.6791,-12.4024,-102.804,54.5738,-0.687192,0.594078,4712.25,21.8143,-12.2449,1
13414,-2.255,0.308665,21.6791,-12.4024,-1937.24,1009.75,-23.9341,12.711,4814.05,-55.3341,40.0662,0
13422,-42.7026,27.0078,21.6791,-12.4024,-5055.95,3337.4,-64.3817,39.4102,4911.73,-55.395,39.745,0
13434,-54.9157,39.4,21.6791,-12.4024,-1017.76,1032.68,-76.5948,51.8024,4988.37,-56.1067,39.7051,0
13442,-55.4637,39.8802,21.6791,-12.4024,-68.4985,60.0162,-77.1428,52.2825,5051.94,-55.8954,41.1043,0
13454,-55.7332,39.8525,21.6791,-12.4024,-22.4583,-2.30832,-77.4123,52.2548,5098.56,-55.5254,41.8868,0
13462,-56.0059,39.7984,21.6791,-12.4024,-34.0832,-6.7574,-77.6849,52.2008,5121.52,-56.3274,39.9547,0
13474,-56.1191,39.7896,21.6791,-12.4024,-9.43299,-0.737395,-77.7981,52.1919,5127.21,-56.1055,39.6432,0
13482,-56.1372,39.7945,21.6791,-12.4024,-2.26975,0.618678,-77.8163,52.1969,5127.21,-56.1151,39.5026,0
13494,-56.1826,39.7765,21.6791,-12.4024,-3.78051,-1.50009,-77.8617,52.1789,5127.21,-56.2818,40.7845,0
13502,-56.1826,39.7765,21.6791,-12.4024,0,0,-77.8617,52.1789,5127.21,-56.2768,39.738,0
