Resolution,1920,1080,Distance,1,Width,1,Subject,V006GBETSIDI,Test,TIF1-12152016-160624,Calibration,CC9-12152016-160552,Oscann, 4.0.8,libTracker, 1.0.7,crtime, 11072018-171556
Time(ms),GazeX(deg),GazeY(deg),StimulusX(deg),StimulusY(deg),GazeVelX(deg/s),GazeVelY(deg/s),ErrorX(deg),ErrorY(deg),PupilArea(px^2),GazeRawX(deg),GazeRawY(deg),Blinks
10.0,-0.703652,1.01837,0.0,0.0,0.0,0.0,-0.703652,1.01837,3580.23,-0.738378,1.02053,0.0
20.0,-0.703652,1.01837,0.0,0.0,0.0,0.0,-0.703652,1.01837,3580.23,-0.622293,0.936755,0.0
30.0,-0.647783,0.977948,0.0,0.0,5.58691,-4.04183,-0.647783,0.977948,3580.23,-0.720591,1.06016,0.0
40.0,-0.616202,0.932324,0.0,0.0,3.15804,-4.56238,-0.616202,0.932324,3580.23,-0.60739,0.830368,0.0
50.0,-0.541044,0.923404,0.0,0.0,7.51584,-0.891996,-0.541044,0.923404,3593.01,-0.341553,1.01516,0.0
60.0,-0.397929,0.909427,0.0,0.0,14.3115,-1.39774,-0.397929,0.909427,3598.09,-0.191778,0.748285,0.0
70.0,-0.347973,0.878693,0.0,0.0,4.99561,-3.07343,-0.347973,0.878693,3601.15,-0.461086,1.03693,0.0
80.0,-0.305959,0.875992,0.0,0.0,4.20138,-0.270068,-0.305959,0.875992,3603.65,-0.247137,0.779787,0.0
90.0,-0.305774,0.852087,0.0,0.0,0.0185462,-2.39044,-0.305774,0.852087,3606.32,-0.380882,0.93251,0.0
100.0,-0.331827,0.738088,0.0,0.0,-2.60534,-11.4,-0.331827,0.738088,3609.74,-0.193827,0.602678,0.0
110.0,-0.370541,0.631578,0.0,0.0,-3.87143,-10.6509,-0.370541,0.631578,3614.55,-0.309033,0.598007,0.0
120.0,-0.451369,0.628215,0.0,0.0,-8.08275,-0.336313,-0.451369,0.628215,3622.24,-0.50687,0.828008,0.0
130.0,-0.551801,0.631504,0.0,0.0,-10.0433,0.328914,-0.551801,0.631504,3635.57,-0.595656,0.637589,0.0
140.0,-0.602475,0.676699,0.0,0.0,-5.06731,4.51949,-0.602475,0.676699,3654.1,-0.667887,0.716427,0.0
150.0,-0.617449,0.724627,0.0,0.0,-1.49749,4.7928,-0.617449,0.724627,3671.12,-0.622954,1.01605,0.0
160.0,-0.61752,0.745781,0.0,0.0,-0.00709058,2.11541,-0.61752,0.745781,3681.27,-0.617026,0.756046,0.0
170.0,-0.616476,0.761281,0.0,0.0,0.104412,1.54992,-0.616476,0.761281,3686.11,-0.655543,0.825281,0.0
180.0,-0.601679,0.769824,0.0,0.0,1.47974,0.85438,-0.601679,0.769824,3689.45,-0.579528,0.752153,0.0
190.0,-0.600918,0.774462,0.0,0.0,0.0761242,0.463755,-0.600918,0.774462,3693.47,-0.482398,0.776258,0.0
200.0,-0.601278,0.782038,0.0,0.0,-0.0360568,0.757598,-0.601278,0.782038,3699.0,-0.526908,0.772072,0.0
210.0,-0.613487,0.782656,0.0,0.0,-1.22092,0.0618502,-0.613487,0.782656,3705.29,-0.658884,0.801311,0.0
220.0,-0.60315,0.78527,0.0,0.0,1.03372,0.261397,-0.60315,0.78527,3710.74,-0.646996,0.910193,0.0
230.0,-0.602672,0.785385,0.0,0.0,0.0478651,0.0114512,-0.602672,0.785385,3714.98,-0.7356,0.655462,0.0
240.0,-0.602111,0.786168,0.0,0.0,0.0560188,0.078272,-0.602111,0.786168,3719.19,-0.548045,1.05636,0.0
250.0,-0.587702,0.803271,0.0,0.0,1.44094,1.71033,-0.587702,0.803271,3723.77,-0.535214,0.420636,0.0
260.0,-0.549058,0.787843,0.0,0.0,3.86439,-1.54275,-0.549058,0.787843,3727.47,-0.375521,0.757009,0.0
270.0,-0.537933,0.787945,0.0,0.0,1.1125,0.0101838,-0.537933,0.787945,3729.31,-0.622384,0.828657,0.0
280.0,-0.473469,0.808583,0.0,0.0,6.44639,2.06374,-0.473469,0.808583,3729.57,-0.409456,0.724318,0.0
290.0,-0.40894,0.808644,0.0,0.0,6.45287,0.00618122,-0.40894,0.808644,3727.77,-0.395229,0.886558,0.0
300.0,-0.406179,0.806462,0.0,0.0,0.276122,-0.218228,-0.406179,0.806462,3720.56,-0.412318,0.839688,0.0
310.0,-0.405048,0.756175,0.0,0.0,0.113076,-5.02872,-0.405048,0.756175,3702.77,-0.315373,0.718224,0.0
320.0,-0.400643,0.720732,0.0,0.0,0.440556,-3.54428,-0.400643,0.720732,3669.66,-0.534025,0.690505,0.0
330.0,-0.36369,0.718143,0.0,0.0,3.69531,-0.258936,-0.36369,0.718143,3620.32,-0.209293,0.668729,0.0
340.0,-0.348211,0.703796,0.0,0.0,1.54791,-1.4347,-0.348211,0.703796,3561.01,-0.315748,0.910492,0.0
350.0,-0.347579,0.703967,0.0,0.0,0.0631392,0.0170872,-0.347579,0.703967,3499.01,-0.559149,0.751866,0.0
360.0,-0.349214,0.722826,0.0,0.0,-0.163499,1.88595,-0.349214,0.722826,3434.83,-0.258786,0.596355,0.0
370.0,-0.39908,0.738335,0.0,0.0,-4.98657,1.55084,-0.39908,0.738335,3366.48,-0.423403,0.831669,0.0
380.0,-0.442503,0.739942,0.0,0.0,-4.34225,0.160791,-0.442503,0.739942,3297.92,-0.502753,0.708319,0.0
390.0,-0.477653,0.750198,0.0,0.0,-3.51508,1.02555,-0.477653,0.750198,3232.64,-0.489826,0.890724,0.0
400.0,-0.492426,0.771424,0.0,0.0,-1.47724,2.12261,-0.492426,0.771424,3166.56,-0.54634,0.704609,0.0
410.0,-0.52152,0.814941,0.0,0.0,-2.90938,4.3517,-0.52152,0.814941,3099.62,-0.763969,0.994465,0.0
420.0,-0.593992,0.8207,0.0,0.0,-7.24728,0.575931,-0.593992,0.8207,3038.1,-0.486047,0.792645,0.0
430.0,-0.658365,0.887403,0.0,0.0,-6.43723,6.67021,-0.658365,0.887403,2981.72,-0.709325,0.935087,0.0
440.0,-0.679892,0.889441,0.0,0.0,-2.15271,0.203891,-0.679892,0.889441,2926.89,-0.646926,0.75599,0.0
450.0,-0.68239,0.862776,0.0,0.0,-0.24986,-2.66654,-0.68239,0.862776,2876.79,-0.719829,1.10724,0.0
460.0,-0.706388,0.851704,0.0,0.0,-2.39975,-1.1072,-0.706388,0.851704,2834.53,-0.889598,0.900676,0.0
470.0,-0.741462,0.839957,0.0,0.0,-3.50744,-1.17467,-0.741462,0.839957,2794.89,-0.608583,0.819335,0.0
480.0,-0.771001,0.852199,0.0,0.0,-2.9539,1.22414,-0.771001,0.852199,2752.06,-0.786391,0.845398,0.0
490.0,-0.794022,0.854362,0.0,0.0,-2.30207,0.216346,-0.794022,0.854362,2709.79,-0.814903,0.811233,0.0
500.0,-0.803937,0.886055,0.0,0.0,-0.991474,3.16926,-0.803937,0.886055,2676.4,-0.797945,1.04731,0.0
510.0,-0.805502,0.938712,0.0,0.0,-0.156569,5.26575,-0.805502,0.938712,2651.55,-0.902318,1.00507,0.0
520.0,-0.80468,0.974867,0.0,0.0,0.0821955,3.61546,-0.80468,0.974867,2628.23,-0.750518,0.988991,0.0
530.0,-0.804168,0.998153,0.0,0.0,0.0512917,2.32862,-0.804168,0.998153,2605.49,-0.808949,0.954269,0.0
540.0,-0.805499,1.05366,0.0,0.0,-0.133154,5.55054,-0.805499,1.05366,2586.13,-0.627098,1.11847,0.0
550.0,-0.822651,1.10874,0.0,0.0,-1.71518,5.5081,-0.822651,1.10874,2569.84,-0.870838,1.31451,0.0
560.0,-0.839859,1.11797,0.0,0.0,-1.7208,0.923303,-0.839859,1.11797,2555.95,-1.04022,1.10359,0.0
570.0,-0.869227,1.16462,0.0,0.0,-2.93678,4.66496,-0.869227,1.16462,2544.21,-0.925376,1.09522,0.0
580.0,-0.900603,1.20841,0.0,0.0,-3.13764,4.37882,-0.900603,1.20841,2533.92,-0.833191,1.31592,0.0
590.0,-0.908715,1.24296,0.0,0.0,-0.811204,3.45519,-0.908715,1.24296,2525.39,-0.987358,1.34735,0.0
600.0,-0.916514,1.24638,0.0,0.0,-0.779861,0.341726,-0.916514,1.24638,2518.9,-0.903453,1.2794,0.0
610.0,-0.907863,1.28888,0.0,0.0,0.865054,4.25021,-0.907863,1.28888,2513.96,-0.938173,1.41059,0.0
620.0,-0.905753,1.28801,0.0,0.0,0.210975,-0.0868504,-0.905753,1.28801,2509.94,-1.07037,1.04016,0.0
630.0,-0.864483,1.22547,0.0,0.0,4.12707,-6.25399,-0.864483,1.22547,2506.24,-0.823153,1.30089,0.0
640.0,-0.81019,1.21649,0.0,0.0,5.42924,-0.898256,-0.81019,1.21649,2502.47,-0.720175,1.18174,0.0
650.0,-0.777265,1.2173,0.0,0.0,3.29252,0.0809923,-0.777265,1.2173,2498.99,-0.762702,1.14916,0.0
660.0,-0.750172,1.25015,0.0,0.0,2.70928,3.28498,-0.750172,1.25015,2496.67,-0.702179,1.26464,0.0
670.0,-0.734921,1.22927,0.0,0.0,1.52515,-2.08778,-0.734921,1.22927,2495.65,-0.845291,1.44538,0.0
680.0,-0.698051,1.25095,0.0,0.0,3.68697,2.16787,-0.698051,1.25095,2495.32,-0.624529,1.11267,0.0
690.0,-0.655112,1.25239,0.0,0.0,4.29394,0.143409,-0.655112,1.25239,2495.13,-0.66633,1.21369,0.0
700.0,-0.630857,1.2746,0.0,0.0,2.42547,2.22142,-0.630857,1.2746,2494.73,-0.721758,1.31394,0.0
710.0,-0.583638,1.27886,0.0,0.0,4.72194,0.426013,-0.583638,1.27886,2494.06,-0.475341,1.18568,0.0
720.0,-0.277765,1.36671,0.0,0.0,30.5872,8.78454,-0.277765,1.36671,2493.41,1.61294,1.52649,0.0
730.0,0.220706,1.43619,0.0,0.0,49.8471,6.94861,0.220706,1.43619,2492.92,0.466465,1.62768,0.0
740.0,0.534846,1.45643,0.0,0.0,31.414,2.02351,0.534846,1.45643,2492.33,0.538446,1.36862,0.0
750.0,0.643557,1.47863,0.0,0.0,10.8711,2.22071,0.643557,1.47863,2491.22,0.790808,1.45762,0.0
760.0,0.688527,1.5117,0.0,0.0,4.49698,3.30622,0.688527,1.5117,2489.63,0.711075,1.5288,0.0
770.0,0.71996,1.5186,0.0,0.0,3.14331,0.690073,0.71996,1.5186,2488.17,0.875983,1.65355,0.0
780.0,0.731841,1.52513,0.0,0.0,1.1881,0.652972,0.731841,1.52513,2487.36,0.737779,1.57675,0.0
790.0,0.732715,1.54048,0.0,0.0,0.0873834,1.53568,0.732715,1.54048,2487.12,0.730484,1.50836,0.0
800.0,0.732729,1.55236,0.0,0.0,0.0014531,1.18784,0.732729,1.55236,2487.31,0.81156,1.5201,0.0
810.0,0.724765,1.55785,0.0,0.0,-0.796405,0.549352,0.724765,1.55785,2488.44,0.677168,1.60049,0.0
820.0,0.699715,1.59138,0.0,0.0,-2.50502,3.353,0.699715,1.59138,2491.71,0.501403,1.64467,0.0
830.0,0.699657,1.63099,0.0,0.0,-0.00577374,3.96054,0.699657,1.63099,2497.56,0.764968,1.64255,0.0
840.0,0.701628,1.64291,0.0,0.0,0.197093,1.19205,0.701628,1.64291,2504.55,0.654365,1.52888,0.0
850.0,0.740695,1.65165,0.0,0.0,3.90664,0.873524,0.740695,1.65165,2511.17,0.812049,1.672,0.0
860.0,0.773403,1.69177,0.0,0.0,3.27081,4.01235,0.773403,1.69177,2517.28,0.862965,1.74243,0.0
870.0,0.789362,1.72923,0.0,0.0,1.59599,3.74626,0.789362,1.72923,2522.78,0.762246,1.72649,0.0
880.0,0.806607,1.73846,0.0,0.0,1.72441,0.922399,0.806607,1.73846,2527.77,0.989153,1.81029,0.0
890.0,0.806983,1.74006,0.0,0.0,0.0376381,0.160804,0.806983,1.74006,2533.52,0.884162,1.57052,0.0
900.0,0.82471,1.73608,0.0,0.0,1.7727,-0.398159,0.82471,1.73608,2540.97,0.513049,1.92755,0.0
910.0,0.840232,1.73646,0.0,0.0,1.55223,0.0381717,0.840232,1.73646,2549.98,0.759383,1.73809,0.0
920.0,0.82653,1.75153,0.0,0.0,-1.37021,1.5063,0.82653,1.75153,2560.29,0.950059,1.52456,0.0
930.0,0.84064,1.73125,0.0,0.0,1.41095,-2.02742,0.84064,1.73125,2571.59,0.981679,1.51944,0.0
940.0,0.8568,1.73062,0.0,0.0,1.61608,-0.0636808,0.8568,1.73062,2583.46,0.685656,1.78075,0.0
950.0,0.883661,1.74027,0.0,0.0,2.6861,0.96538,0.883661,1.74027,2595.34,0.944961,1.68717,0.0
960.0,0.886695,1.744,0.0,0.0,0.30336,0.372661,0.886695,1.744,2605.84,0.833907,1.75862,0.0
970.0,0.929443,1.74304,0.0,0.0,4.27476,-0.0954958,0.929443,1.74304,2614.67,0.879627,1.8214,0.0
980.0,0.975517,1.72507,0.0,0.0,4.60745,-1.79681,0.975517,1.72507,2623.88,1.06257,1.60697,0.0
990.0,0.960762,1.69194,0.0,0.0,-1.47549,-3.31319,0.960762,1.69194,2635.05,1.07919,1.70043,0.0
1000.0,0.959056,1.65552,0.0,0.0,-0.170619,-3.64182,0.959056,1.65552,2647.64,1.00434,1.50186,0.0
1010.0,0.95749,1.63806,0.0,0.0,-0.156623,-1.74598,0.95749,1.63806,2660.49,0.745235,1.81925,0.0
1020.0,0.939825,1.63689,0.0,0.0,-1.76649,-0.117655,0.939825,1.63689,2674.67,1.03124,1.50691,0.0
1030.0,0.886458,1.62286,0.0,0.0,-5.33671,-1.40241,0.886458,1.62286,2691.82,0.807955,1.6214,0.0
1040.0,0.878052,1.6223,0.0,0.0,-0.840548,-0.0558994,0.878052,1.6223,2709.1,0.915573,1.67441,0.0
1050.0,0.882946,1.62226,0.0,0.0,0.489406,-0.00460646,0.882946,1.62226,2722.14,1.08395,1.41043,0.0
1060.0,0.868083,1.62226,0.0,0.0,-1.48629,0.000352762,0.868083,1.62226,2731.65,0.740989,1.62831,0.0
1070.0,0.865915,1.61918,0.0,0.0,-0.216826,-0.308305,0.865915,1.61918,2742.09,0.873194,1.60101,0.0
1080.0,0.832033,1.61916,0.0,0.0,-3.38826,-0.001502,0.832033,1.61916,2755.18,0.810579,1.88619,0.0
1090.0,0.79392,1.61498,0.0,0.0,-3.8113,-0.417982,0.79392,1.61498,2767.14,0.745954,1.56028,0.0
1100.0,0.764935,1.6147,0.0,0.0,-2.89847,-0.0285727,0.764935,1.6147,2774.7,0.788985,1.8092,0.0
1110.0,0.722136,1.60644,0.0,0.0,-4.27992,-0.826042,0.722136,1.60644,2779.98,0.675348,1.44913,0.0
1120.0,0.692492,1.59805,0.0,0.0,-2.96433,-0.838479,0.692492,1.59805,2786.77,0.544819,1.65629,0.0
1130.0,0.683148,1.59516,0.0,0.0,-0.934484,-0.289699,0.683148,1.59516,2796.16,0.699238,1.72902,0.0
1140.0,0.668671,1.53621,0.0,0.0,-1.44767,-5.89501,0.668671,1.53621,2806.9,0.492768,1.54258,0.0
1150.0,0.672298,1.54612,0.0,0.0,0.362714,0.991455,0.672298,1.54612,2817.96,0.74781,1.39441,0.0
1160.0,0.677437,1.50973,0.0,0.0,0.513884,-3.63872,0.677437,1.50973,2828.65,0.566542,1.60352,0.0
1170.0,0.730374,1.49851,0.0,0.0,5.29371,-1.12198,0.730374,1.49851,2837.51,0.799162,1.28109,0.0
1180.0,0.799181,1.49783,0.0,0.0,6.88066,-0.0679434,0.799181,1.49783,2843.76,0.933603,1.63662,0.0
1190.0,0.802358,1.50705,0.0,0.0,0.317766,0.922065,0.802358,1.50705,2848.83,0.797397,1.43296,0.0
1200.0,0.802295,1.51198,0.0,0.0,-0.00629937,0.492687,0.802295,1.51198,2854.98,0.636238,1.56329,0.0
1210.0,0.797033,1.53039,0.0,0.0,-0.526192,1.84041,0.797033,1.53039,2862.89,0.809532,1.66286,0.0
1220.0,0.767264,1.55194,0.0,0.0,-2.97697,2.15499,0.767264,1.55194,2871.26,0.514994,1.50862,0.0
1230.0,0.741275,1.55348,0.0,0.0,-2.59881,0.154478,0.741275,1.55348,2878.73,0.789769,1.40267,0.0
1240.0,0.730261,1.56155,0.0,0.0,-1.10146,0.806705,0.730261,1.56155,2885.36,0.699354,1.58195,0.0
1250.0,0.735364,1.54218,0.0,0.0,0.510293,-1.93644,0.735364,1.54218,2891.98,0.780242,1.48617,0.0
1260.0,0.739422,1.56307,0.0,0.0,0.405848,2.08859,0.739422,1.56307,2899.35,0.703603,1.68895,0.0
1270.0,0.740383,1.59284,0.0,0.0,0.0961142,2.977,0.740383,1.59284,2908.49,0.7308,1.5368,0.0
1280.0,0.741497,1.61925,0.0,0.0,0.111404,2.64101,0.741497,1.61925,2919.51,0.878344,1.57347,0.0
1290.0,0.744161,1.644,0.0,0.0,0.266398,2.47503,0.744161,1.644,2930.25,0.747496,1.63404,0.0
1300.0,0.744939,1.64632,0.0,0.0,0.0777417,0.231997,0.744939,1.64632,2938.49,0.773794,1.71722,0.0
1310.0,0.761328,1.67736,0.0,0.0,1.63892,3.10377,0.761328,1.67736,2944.45,0.849392,1.67696,0.0
1320.0,0.792039,1.72246,0.0,0.0,3.0711,4.51056,0.792039,1.72246,2950.22,0.596615,1.92965,0.0
1330.0,0.796162,1.72436,0.0,0.0,0.412322,0.189958,0.796162,1.72436,2958.15,0.83736,1.7856,0.0
1340.0,0.817456,1.72589,0.0,0.0,2.12934,0.152951,0.817456,1.72589,2969.45,0.808253,1.56546,0.0
1350.0,0.819867,1.76386,0.0,0.0,0.241115,3.79694,0.819867,1.76386,2983.36,0.781223,1.84111,0.0
1360.0,0.829106,1.73241,0.0,0.0,0.923964,-3.1446,0.829106,1.73241,2997.25,0.849528,1.43148,0.0
1370.0,0.823446,1.68189,0.0,0.0,-0.566022,-5.052,0.823446,1.68189,3008.54,1.02579,1.72262,0.0
1380.0,0.83619,1.67978,0.0,0.0,1.27438,-0.211662,0.83619,1.67978,3017.52,0.92797,1.88031,0.0
1390.0,0.838014,1.68453,0.0,0.0,0.182407,0.475456,0.838014,1.68453,3026.15,0.795401,1.64371,0.0
1400.0,0.86325,1.7073,0.0,0.0,2.52358,2.27645,0.86325,1.7073,3034.95,0.888428,1.87825,0.0
1410.0,0.843268,1.70967,0.0,0.0,-1.99822,0.237755,0.843268,1.70967,3042.8,0.712033,1.61461,0.0
1420.0,0.843091,1.73746,0.0,0.0,-0.0177166,2.77892,0.843091,1.73746,3048.33,0.935044,1.72296,0.0
1430.0,0.843574,1.7555,0.0,0.0,0.0483723,1.80335,0.843574,1.7555,3051.75,0.754535,1.74344,0.0
1440.0,0.84349,1.75624,0.0,0.0,-0.00842159,0.0741204,0.84349,1.75624,3054.78,1.06747,1.77003,0.0
1450.0,0.843486,1.75624,0.0,0.0,-0.000457918,1.05085e-05,0.843486,1.75624,3058.55,0.841867,1.76771,0.0
1460.0,0.843417,1.75574,0.0,0.0,-0.00684199,-0.0496165,0.843417,1.75574,3062.43,0.63829,1.80821,0.0
1470.0,0.84121,1.74296,0.0,0.0,-0.220696,-1.27818,0.84121,1.74296,3065.65,0.782452,1.71858,0.0
1480.0,0.825754,1.70858,0.0,0.0,-1.5456,-3.4383,0.825754,1.70858,3068.48,0.918059,1.66571,0.0
1490.0,0.810861,1.70722,0.0,0.0,-1.48934,-0.135549,0.810861,1.70722,3071.45,0.720156,1.69699,0.0
1500.0,0.795515,1.7074,0.0,0.0,-1.53454,0.0178365,0.795515,1.7074,3075.28,0.886246,1.18139,0.0
1510.0,0.758436,1.71226,0.0,0.0,-3.70798,0.48617,0.758436,1.71226,3082.24,0.706018,1.74487,0.0
1520.0,0.647295,1.81977,0.0,0.0,-11.1141,10.7511,0.647295,1.81977,3093.23,0.279585,2.02336,0.0
1530.0,0.530185,2.32851,0.0,0.0,-11.711,50.8741,0.530185,2.32851,3104.29,0.477712,2.78792,0.0
1540.0,0.423221,2.72535,0.0,0.0,-10.6964,39.6841,0.423221,2.72535,3111.12,0.240134,3.0142,0.0
1550.0,0.332321,2.74437,0.0,0.0,-9.09006,1.90198,0.332321,2.74437,3114.17,0.229426,2.62025,0.0
1560.0,0.317559,2.78361,0.0,0.0,-1.47618,3.92337,0.317559,2.78361,3115.97,0.369868,2.78061,0.0
1570.0,0.317619,2.7445,0.0,0.0,0.00600988,-3.91069,0.317619,2.7445,3118.4,0.309932,2.48642,0.0
1580.0,0.354861,2.74067,0.0,0.0,3.7242,-0.382843,0.354861,2.74067,3122.25,0.265187,2.877,0.0
1590.0,0.371675,2.70068,0.0,0.0,1.68145,-3.99972,0.371675,2.70068,3126.79,0.43231,2.51235,0.0
1600.0,0.375894,2.67938,0.0,0.0,0.421866,-2.12913,0.375894,2.67938,3130.82,0.366828,2.76858,0.0
1610.0,0.375666,2.66387,0.0,0.0,-0.0228057,-1.55169,0.375666,2.66387,3134.18,0.392816,2.87643,0.0
1620.0,0.374703,2.6324,0.0,0.0,-0.0963177,-3.14692,0.374703,2.6324,3137.03,0.44233,2.54796,0.0
1630.0,0.370258,2.64438,0.0,0.0,-0.444454,1.19805,0.370258,2.64438,3138.8,0.352612,2.74602,0.0
1640.0,0.331085,2.64331,0.0,0.0,-3.91736,-0.106682,0.331085,2.64331,3139.38,0.293291,2.59653,0.0
1650.0,0.283987,2.64443,0.0,0.0,-4.70977,0.111835,0.283987,2.64443,3139.6,0.173774,2.61062,0.0
1660.0,0.251843,2.68059,0.0,0.0,-3.21445,3.61568,0.251843,2.68059,3139.93,0.248506,2.65528,0.0
1670.0,0.0217284,3.11415,0.0,0.0,-23.0114,43.3566,0.0217284,3.11415,3139.78,-0.583258,3.56068,0.0
1680.0,-0.352928,3.73018,0.0,0.0,-37.4657,61.6031,-0.352928,3.73018,3139.17,-0.604082,5.02408,0.0
1690.0,-0.520577,4.1008,0.0,0.0,-16.7648,37.061,-0.520577,4.1008,3139.17,-0.522486,4.28905,0.0
1700.0,-0.523712,4.31505,0.0,0.0,-0.313561,21.4259,-0.523712,4.31505,3140.07,-0.578212,4.27839,0.0
1710.0,-0.535106,4.35451,0.0,0.0,-1.13936,3.94568,-0.535106,4.35451,3140.93,-0.507377,4.42237,0.0
1720.0,-0.537019,4.35643,0.0,0.0,-0.191289,0.192152,-0.537019,4.35643,3141.27,-0.519154,4.49809,0.0
1730.0,-0.568456,4.36963,0.0,0.0,-3.14371,1.31971,-0.568456,4.36963,3141.43,-0.738512,4.30372,0.0
1740.0,-0.557811,4.37582,0.0,0.0,1.06448,0.618746,-0.557811,4.37582,3141.39,-0.703225,4.35256,0.0
1750.0,-0.558884,4.38503,0.0,0.0,-0.107276,0.92077,-0.558884,4.38503,3140.74,-0.481971,4.38317,0.0
1760.0,-0.598992,4.3861,0.0,0.0,-4.01082,0.107175,-0.598992,4.3861,3139.4,-0.372796,4.29325,0.0
1770.0,-0.568058,4.3954,0.0,0.0,3.09338,0.929844,-0.568058,4.3954,3137.95,-0.509824,4.50766,0.0
1780.0,-0.522639,4.41581,0.0,0.0,4.54188,2.04143,-0.522639,4.41581,3136.98,-0.744533,4.42944,0.0
1790.0,-0.522233,4.41796,0.0,0.0,0.0406491,0.214689,-0.522233,4.41796,3136.62,-0.546564,4.34511,0.0
1800.0,-0.5588,4.44956,0.0,0.0,-3.65675,3.16075,-0.5588,4.44956,3136.8,-0.474301,4.56521,0.0
1810.0,-0.599935,4.51678,0.0,0.0,-4.11345,6.72147,-0.599935,4.51678,3137.82,-0.638302,4.275,0.0
1820.0,-0.598034,4.5738,0.0,0.0,0.190097,5.70184,-0.598034,4.5738,3140.28,-0.56933,4.60296,0.0
1830.0,-0.62538,4.59438,0.0,0.0,-2.73464,2.05842,-0.62538,4.59438,3144.79,-0.721532,4.60839,0.0
1840.0,-0.626423,4.59568,0.0,0.0,-0.104256,0.130109,-0.626423,4.59568,3150.99,-0.615203,4.71694,0.0
1850.0,-0.623556,4.60706,0.0,0.0,0.286692,1.13786,-0.623556,4.60706,3156.96,-0.62692,4.60963,0.0
1860.0,-0.644376,4.60725,0.0,0.0,-2.08202,0.0187814,-0.644376,4.60725,3161.11,-0.718822,4.38398,0.0
1870.0,-0.622848,4.59658,0.0,0.0,2.15281,-1.06676,-0.622848,4.59658,3163.7,-0.58175,4.63436,0.0
1880.0,-0.602123,4.59622,0.0,0.0,2.07251,-0.0356801,-0.602123,4.59622,3166.02,-0.682038,4.68033,0.0
1890.0,-0.569002,4.60175,0.0,0.0,3.31212,0.552121,-0.569002,4.60175,3169.48,-0.527921,4.52994,0.0
1900.0,-0.547069,4.60322,0.0,0.0,2.19331,0.147071,-0.547069,4.60322,3174.31,-0.466684,4.72702,0.0
1910.0,-0.495954,4.63702,0.0,0.0,5.1115,3.37998,-0.495954,4.63702,3178.92,-0.539469,4.68945,0.0
1920.0,-0.209071,4.70362,0.0,0.0,28.6883,6.66021,-0.209071,4.70362,3181.78,0.429113,4.38467,0.0
1930.0,0.825087,4.70689,0.0,0.0,103.416,0.32692,0.825087,4.70689,3183.05,4.05369,4.85735,0.0
1940.0,2.06332,4.72592,0.0,0.0,123.823,1.90308,2.06332,4.72592,3183.7,2.86066,4.8392,0.0
1950.0,2.60618,4.78891,0.0,0.0,54.2865,6.29955,2.60618,4.78891,3184.71,2.53819,4.68852,0.0
1960.0,2.78924,4.7905,0.0,0.0,18.306,0.159094,2.78924,4.7905,3187.32,2.90263,4.82808,0.0
1970.0,2.92902,4.76098,0.0,0.0,13.978,-2.95265,2.92902,4.76098,3192.28,3.08484,4.82483,0.0
1980.0,2.97981,4.69528,0.0,0.0,5.07908,-6.56981,2.97981,4.69528,3198.39,3.06157,4.41711,0.0
1990.0,3.0139,4.64591,0.0,0.0,3.40897,-4.93694,3.0139,4.64591,3203.19,3.15375,4.57618,0.0
2000.0,3.05331,4.59375,0.0,0.0,3.94014,-5.21581,3.05331,4.59375,3205.62,2.97743,4.72247,0.0
2010.0,3.06145,4.58326,0.0,0.0,0.814453,-1.04974,3.06145,4.58326,3206.71,2.87012,4.60757,0.0
2020.0,3.05704,4.5568,0.0,0.0,-0.440831,-2.64575,3.05704,4.5568,3207.82,3.10891,4.48452,0.0
2030.0,3.05626,4.51362,0.0,0.0,-0.0786086,-4.318,3.05626,4.51362,3209.72,2.99866,4.40983,0.0
2040.0,3.07098,4.51177,0.0,0.0,1.472,-0.184481,3.07098,4.51177,3212.54,3.17151,4.59365,0.0
2050.0,3.09781,4.51412,0.0,0.0,2.6832,0.23463,3.09781,4.51412,3215.99,2.95951,4.37493,0.0
2060.0,3.13032,4.56938,0.0,0.0,3.25119,5.52649,3.13032,4.56938,3219.48,3.18535,4.69791,0.0
2070.0,3.13308,4.62079,0.0,0.0,0.275859,5.14042,3.13308,4.62079,3221.86,3.23458,4.60679,0.0
2080.0,3.13407,4.65175,0.0,0.0,0.0994601,3.09583,3.13407,4.65175,3222.92,3.19846,4.6795,0.0
2090.0,3.13525,4.65302,0.0,0.0,0.117597,0.126898,3.13525,4.65302,3223.52,2.93851,4.7777,0.0
2100.0,3.09689,4.65111,0.0,0.0,-3.83634,-0.190797,3.09689,4.65111,3224.13,3.0853,4.66292,0.0
2110.0,3.08747,4.60598,0.0,0.0,-0.941185,-4.51275,3.08747,4.60598,3224.39,3.10303,4.54997,0.0
2120.0,3.0479,4.55058,0.0,0.0,-3.95716,-5.54026,3.0479,4.55058,3223.81,3.30505,4.51229,0.0
2130.0,3.04172,4.54255,0.0,0.0,-0.618106,-0.802408,3.04172,4.54255,3222.08,3.01024,4.54702,0.0
2140.0,2.94252,4.54228,0.0,0.0,-9.92037,-0.0278188,2.94252,4.54228,3218.99,2.79971,4.31584,0.0
2150.0,2.90544,4.54284,0.0,0.0,-3.70762,0.0567192,2.90544,4.54284,3214.94,2.89154,4.52809,0.0
2160.0,2.90442,4.55802,0.0,0.0,-0.10173,1.51794,2.90442,4.55802,3211.44,2.85766,4.94385,0.0
2170.0,2.90686,4.60749,0.0,0.0,0.243691,4.94671,2.90686,4.60749,3209.61,2.93941,4.5659,0.0
2180.0,2.93132,4.60964,0.0,0.0,2.44612,0.215449,2.93132,4.60964,3209.06,2.94703,4.74087,0.0
2190.0,2.94085,4.60546,0.0,0.0,0.953138,-0.418124,2.94085,4.60546,3209.04,3.05121,4.77632,0.0
2200.0,2.93986,4.50296,0.0,0.0,-0.0996762,-10.2506,2.93986,4.50296,3209.44,2.91879,4.44618,0.0
2210.0,2.96933,4.31561,0.0,0.0,2.94699,-18.7343,2.96933,4.31561,3210.82,2.67621,4.20593,0.0
2220.0,3.32497,3.81963,0.0,0.0,35.5648,-49.5979,3.32497,3.81963,3213.34,3.63416,2.93962,0.0
2230.0,3.93375,1.69664,0.0,0.0,60.8772,-212.299,3.93375,1.69664,3215.92,4.43575,-0.120334,0.0
2240.0,4.02157,-1.15219,0.0,0.0,8.7827,-284.883,4.02157,-1.15219,3217.39,4.61842,-4.2187,0.0
2250.0,3.94138,-4.14607,0.0,0.0,-8.0193,-299.388,3.94138,-4.14607,3217.74,3.99993,-7.90339,0.0
2260.0,4.04025,-7.46168,0.0,0.0,9.88682,-331.561,4.04025,-7.46168,3216.81,3.14305,-9.92703,0.0
2270.0,3.7412,-9.69763,0.0,0.0,-29.9052,-223.595,3.7412,-9.69763,3212.51,3.02634,-11.0299,0.0
2280.0,3.47676,-11.473,0.0,0.0,-26.4441,-177.533,3.47676,-11.473,3201.71,3.93507,-12.5214,0.0
2290.0,3.21701,-12.4678,0.0,0.0,-25.9745,-99.487,3.21701,-12.4678,3184.76,2.95403,-12.4988,0.0
2300.0,3.0143,-12.6146,0.0,0.0,-20.2716,-14.6769,3.0143,-12.6146,3166.72,2.83892,-12.7179,0.0
2310.0,2.99804,-12.7839,0.0,0.0,-1.62533,-16.9262,2.99804,-12.7839,3150.89,3.01441,-12.8599,0.0
2320.0,2.96151,-12.7918,0.0,0.0,-3.65293,-0.797078,2.96151,-12.7918,3135.76,3.013,-12.9782,0.0
2330.0,2.92599,-12.8325,0.0,0.0,-3.55206,-4.06574,2.92599,-12.8325,3120.52,3.03266,-12.9664,0.0
2340.0,2.92075,-12.8336,0.0,0.0,-0.524707,-0.110196,2.92075,-12.8336,3107.82,2.75113,-12.6644,0.0
2350.0,2.83319,-12.8179,0.0,0.0,-8.75502,1.56818,2.83319,-12.8179,3099.5,2.87161,-12.8097,0.0
2360.0,2.78083,-12.8157,0.0,0.0,-5.23659,0.218767,2.78083,-12.8157,3094.2,2.68674,-12.6655,0.0
2370.0,2.76921,-12.8171,0.0,0.0,-1.16195,-0.139738,2.76921,-12.8171,3089.9,2.83725,-12.8438,0.0
2380.0,2.76694,-12.8595,0.0,0.0,-0.226599,-4.23572,2.76694,-12.8595,3085.96,2.68883,-12.9637,0.0
2390.0,2.75932,-12.9167,0.0,0.0,-0.762055,-5.72143,2.75932,-12.9167,3082.77,2.76637,-12.9452,0.0
2400.0,2.75909,-12.9191,0.0,0.0,-0.0232793,-0.24392,2.75909,-12.9191,3080.68,2.91746,-13.2907,0.0
2410.0,2.76332,-12.9109,0.0,0.0,0.42308,0.819476,2.76332,-12.9109,3079.57,2.73629,-13.113,0.0
2420.0,2.81715,-12.7012,0.0,0.0,5.38279,20.9732,2.81715,-12.7012,3079.11,2.52862,-12.4728,0.0
2430.0,3.02573,-12.19,0.0,0.0,20.8584,51.1213,3.02573,-12.19,3079.01,3.3484,-11.6418,0.0
2440.0,3.18893,-11.8442,0.0,0.0,16.32,34.576,3.18893,-11.8442,3079.18,3.27303,-11.5535,0.0
2450.0,3.21628,-11.804,0.0,0.0,2.73464,4.02698,3.21628,-11.804,3079.86,3.095,-11.8782,0.0
2460.0,3.21663,-11.7945,0.0,0.0,0.0354749,0.941909,3.21663,-11.7945,3081.65,3.14335,-11.8405,0.0
2470.0,3.19264,-11.7935,0.0,0.0,-2.39961,0.104352,3.19264,-11.7935,3085.18,3.23321,-11.7215,0.0
2480.0,3.08745,-11.7873,0.0,0.0,-10.5192,0.620192,3.08745,-11.7873,3090.62,2.98571,-11.8,0.0
2490.0,2.99273,-11.7091,0.0,0.0,-9.47124,7.81443,2.99273,-11.7091,3097.47,2.9264,-11.6393,0.0
2500.0,2.98568,-11.6509,0.0,0.0,-0.705288,5.82647,2.98568,-11.6509,3104.62,2.99297,-11.5813,0.0
2510.0,2.98555,-11.6485,0.0,0.0,-0.0136155,0.241491,2.98555,-11.6485,3110.65,2.97158,-11.6032,0.0
2520.0,2.98584,-11.6504,0.0,0.0,0.0293244,-0.194587,2.98584,-11.6504,3114.81,3.12455,-11.7697,0.0
2530.0,2.99251,-11.6947,0.0,0.0,0.667358,-4.4283,2.99251,-11.6947,3117.48,2.92167,-11.7063,0.0
2540.0,2.99275,-11.6981,0.0,0.0,0.0238628,-0.340767,2.99275,-11.6981,3119.36,3.03895,-11.8946,0.0
2550.0,2.99179,-11.7314,0.0,0.0,-0.0962133,-3.32871,2.99179,-11.7314,3120.81,3.04912,-11.7662,0.0
2560.0,2.99703,-11.7317,0.0,0.0,0.524398,-0.0323048,2.99703,-11.7317,3121.8,2.86022,-11.6271,0.0
2570.0,2.97277,-11.6999,0.0,0.0,-2.42589,3.1823,2.97277,-11.6999,3122.34,2.80074,-11.7231,0.0
2580.0,2.96497,-11.6578,0.0,0.0,-0.78083,4.2111,2.96497,-11.6578,3122.73,2.99312,-11.6732,0.0
2590.0,2.9552,-11.6353,0.0,0.0,-0.976761,2.24345,2.9552,-11.6353,3123.27,2.82807,-11.6374,0.0
2600.0,2.95599,-11.613,0.0,0.0,0.0791752,2.23701,2.95599,-11.613,3124.03,2.97946,-11.5836,0.0
2610.0,2.95359,-11.612,0.0,0.0,-0.240083,0.101501,2.95359,-11.612,3125.38,3.18788,-11.571,0.0
2620.0,2.89772,-11.6106,0.0,0.0,-5.58651,0.132082,2.89772,-11.6106,3128.43,2.93709,-11.5202,0.0
2630.0,2.89265,-11.6186,0.0,0.0,-0.507479,-0.799025,2.89265,-11.6186,3133.53,2.82644,-11.7657,0.0
2640.0,2.83833,-11.6587,0.0,0.0,-5.43224,-4.01186,2.83833,-11.6587,3138.57,2.82958,-11.7415,0.0
2650.0,2.83594,-11.6605,0.0,0.0,-0.238628,-0.174984,2.83594,-11.6605,3141.4,2.66424,-11.6646,0.0
2660.0,2.83672,-11.6599,0.0,0.0,0.0780972,0.0604748,2.83672,-11.6599,3142.25,2.89242,-11.7113,0.0
2670.0,2.86864,-11.6387,0.0,0.0,3.19198,2.11933,2.86864,-11.6387,3142.32,2.84931,-11.5713,0.0
2680.0,3.22502,-11.3408,0.0,0.0,35.6379,29.7915,3.22502,-11.3408,3142.12,3.55,-11.01,0.0
2690.0,4.03011,-8.16567,0.0,0.0,80.5088,317.512,4.03011,-8.16567,3141.82,5.9166,-5.12551,0.0
2700.0,4.57425,-3.03344,0.0,0.0,54.4146,513.223,4.57425,-3.03344,3141.63,5.4705,-0.791949,0.0
2710.0,4.70282,0.507142,0.0,0.0,12.8567,354.058,4.70282,0.507142,3141.65,4.80543,1.91188,0.0
2720.0,4.76846,2.78794,0.0,0.0,6.56421,228.08,4.76846,2.78794,3142.08,4.44928,5.41737,0.0
2730.0,4.72387,4.97975,0.0,0.0,-4.45915,219.181,4.72387,4.97975,3143.53,4.78563,6.75086,0.0
2740.0,4.6581,6.49384,0.0,0.0,-6.57694,151.409,4.6581,6.49384,3147.38,4.55712,5.9438,0.0
2750.0,4.61232,6.7409,0.0,0.0,-4.57802,24.7067,4.61232,6.7409,3154.91,4.643,6.74879,0.0
2760.0,4.58307,6.74529,0.0,0.0,-2.9248,0.438835,4.58307,6.74529,3165.22,4.57724,6.7992,0.0
2770.0,4.5754,6.66479,0.0,0.0,-0.76745,-8.05023,4.5754,6.66479,3175.24,4.49474,6.83736,0.0
2780.0,4.56533,6.6581,0.0,0.0,-1.00714,-0.669244,4.56533,6.6581,3182.9,4.64026,6.57468,0.0
2790.0,4.55559,6.58782,0.0,0.0,-0.973733,-7.02742,4.55559,6.58782,3188.31,4.58302,6.43166,0.0
2800.0,4.55567,6.58474,0.0,0.0,0.00764014,-0.308418,4.55567,6.58474,3192.27,4.52209,6.5554,0.0
2810.0,4.56686,6.58528,0.0,0.0,1.11924,0.0539731,4.56686,6.58528,3195.18,4.51324,6.59511,0.0
2820.0,4.57026,6.59578,0.0,0.0,0.339691,1.04999,4.57026,6.59578,3197.33,4.8076,6.60018,0.0
2830.0,4.57311,6.59715,0.0,0.0,0.285024,0.137184,4.57311,6.59715,3199.28,4.65664,6.92294,0.0
2840.0,4.6351,6.61924,0.0,0.0,6.19956,2.20941,4.6351,6.61924,3202.38,4.7424,6.73161,0.0
2850.0,4.63869,6.65114,0.0,0.0,0.359152,3.18999,4.63869,6.65114,3209.2,4.37262,6.45887,0.0
2860.0,4.63572,6.65104,0.0,0.0,-0.297729,-0.0100285,4.63572,6.65104,3221.78,4.69029,6.64052,0.0
2870.0,4.57891,6.61786,0.0,0.0,-5.68076,-3.31786,4.57891,6.61786,3238.31,4.48734,6.73746,0.0
2880.0,4.57641,6.61641,0.0,0.0,-0.249503,-0.145751,4.57641,6.61641,3254.06,4.29741,6.52965,0.0
2890.0,4.57641,6.61638,0.0,0.0,-0.000105635,-0.00295075,4.57641,6.61638,3265.99,4.68351,6.54734,0.0
2900.0,4.57639,6.61571,0.0,0.0,-0.0019226,-0.0668774,4.57639,6.61571,3273.55,4.65393,6.6708,0.0
2910.0,4.576,6.61723,0.0,0.0,-0.0396354,0.152479,4.576,6.61723,3278.22,4.56261,6.60612,0.0
2920.0,4.56619,6.65492,0.0,0.0,-0.981167,3.76907,4.56619,6.65492,3283.68,4.62326,6.47318,0.0
2930.0,4.54537,6.70861,0.0,0.0,-2.08199,5.36844,4.54537,6.70861,3292.96,4.53316,6.90986,0.0
2940.0,4.49899,6.69822,0.0,0.0,-4.63715,-1.03919,4.49899,6.69822,3304.65,4.33511,6.6409,0.0
2950.0,4.49853,6.7512,0.0,0.0,-0.0468671,5.29813,4.49853,6.7512,3314.27,4.41142,6.86292,0.0
2960.0,4.49775,6.76978,0.0,0.0,-0.0780003,1.85826,4.49775,6.76978,3319.69,4.5107,6.4593,0.0
2970.0,4.46685,6.77611,0.0,0.0,-3.08925,0.632833,4.46685,6.77611,3322.16,4.64972,6.71393,0.0
2980.0,4.42929,6.92348,0.0,0.0,-3.75644,14.7375,4.42929,6.92348,3323.45,4.83354,7.37362,0.0
2990.0,4.13139,7.26959,0.0,0.0,-29.79,34.6104,4.13139,7.26959,3324.22,3.73391,7.58438,0.0
3000.0,3.77595,7.42226,0.0,0.0,-35.5443,15.2668,3.77595,7.42226,3324.23,3.57531,7.77889,0.0
3010.0,3.74925,7.47273,0.0,0.0,-2.66935,5.04741,3.74925,7.47273,3323.42,3.79377,7.44464,0.0
3020.0,3.74872,7.47399,0.0,0.0,-0.053629,0.126358,3.74872,7.47399,3321.82,3.71888,7.33776,0.0
3030.0,3.74904,7.44289,0.0,0.0,0.0325542,-3.10992,3.74904,7.44289,3318.71,3.73725,7.42539,0.0
3040.0,3.77958,7.43603,0.0,0.0,3.05348,-0.686405,3.77958,7.43603,3313.64,3.88478,7.55841,0.0
3050.0,3.81207,7.43479,0.0,0.0,3.24897,-0.124332,3.81207,7.43479,3307.36,3.68594,7.44679,0.0
3060.0,3.83372,7.43189,0.0,0.0,2.16501,-0.289812,3.83372,7.43189,3300.08,3.90911,7.43482,0.0
3070.0,3.83139,7.36192,0.0,0.0,-0.233103,-6.99712,3.83139,7.36192,3290.61,3.91483,7.28106,0.0
3080.0,3.80102,7.31937,0.0,0.0,-3.03648,-4.25469,3.80102,7.31937,3277.54,3.80454,7.24258,0.0
3090.0,3.79652,7.31761,0.0,0.0,-0.449746,-0.175942,3.79652,7.31761,3259.4,3.77819,7.29319,0.0
3100.0,3.71981,7.31919,0.0,0.0,-7.67113,0.15778,3.71981,7.31919,3236.69,3.52305,7.40173,0.0
3110.0,3.60845,7.36612,0.0,0.0,-11.1366,4.69284,3.60845,7.36612,3212.63,3.49656,7.44892,0.0
3120.0,3.53813,7.36909,0.0,0.0,-7.03179,0.296822,3.53813,7.36909,3189.08,3.33237,7.37446,0.0
3130.0,3.53609,7.39989,0.0,0.0,-0.204006,3.08017,3.53609,7.39989,3164.42,3.56911,7.61946,0.0
3140.0,3.53812,7.41526,0.0,0.0,0.203217,1.5375,3.53812,7.41526,3137.86,3.4613,7.29261,0.0
3150.0,3.57495,7.42274,0.0,0.0,3.68332,0.748083,3.57495,7.42274,3114.3,3.63965,7.41941,0.0
3160.0,3.57497,7.43756,0.0,0.0,0.0021812,1.48125,3.57497,7.43756,3099.04,3.59844,7.4607,0.0
3170.0,3.51208,7.43779,0.0,0.0,-6.28952,0.0230364,3.51208,7.43779,3090.81,3.58447,7.53212,0.0
3180.0,3.06187,7.39288,0.0,0.0,-45.0206,-4.49105,3.06187,7.39288,3085.43,2.59924,7.44881,0.0
3190.0,1.84441,6.35955,0.0,0.0,-121.747,-103.332,1.84441,6.35955,3079.81,-0.939266,5.33038,0.0
3200.0,0.407527,4.74372,0.0,0.0,-143.688,-161.584,0.407527,4.74372,3070.57,-0.360334,3.80837,0.0
3210.0,-0.324034,4.18743,0.0,0.0,-73.1561,-55.6289,-0.324034,4.18743,3055.19,-0.360409,3.91439,0.0
3220.0,-0.376391,4.16618,0.0,0.0,-5.23577,-2.12447,-0.376391,4.16618,3036.0,-0.418617,4.31574,0.0
3230.0,-0.515792,4.16723,0.0,0.0,-13.9401,0.105224,-0.515792,4.16723,3019.38,-0.64737,4.23895,0.0
3240.0,-0.594939,4.16982,0.0,0.0,-7.91471,0.258141,-0.594939,4.16982,3008.19,-0.706392,4.2789,0.0
3250.0,-0.67238,4.21515,0.0,0.0,-7.74412,4.53295,-0.67238,4.21515,2999.2,-0.789551,4.29835,0.0
3260.0,-0.705117,4.21245,0.0,0.0,-3.27364,-0.269508,-0.705117,4.21245,2989.92,-0.5476,3.88024,0.0
3270.0,-0.751521,4.09939,0.0,0.0,-4.64046,-11.306,-0.751521,4.09939,2982.35,-0.614228,4.05276,0.0
3280.0,-0.769524,4.05939,0.0,0.0,-1.80031,-3.99995,-0.769524,4.05939,2978.49,-0.849668,4.34938,0.0
3290.0,-0.729911,4.00619,0.0,0.0,3.96132,-5.31996,-0.729911,4.00619,2977.32,-0.800107,3.97823,0.0
3300.0,-0.726712,4.05759,0.0,0.0,0.319878,5.13956,-0.726712,4.05759,2977.12,-0.61737,4.22041,0.0
3310.0,-0.723092,4.06179,0.0,0.0,0.362029,0.419999,-0.723092,4.06179,2977.21,-0.701287,3.98702,0.0
3320.0,-0.69657,4.10407,0.0,0.0,2.65225,4.22793,-0.69657,4.10407,2977.51,-0.703394,4.14163,0.0
3330.0,-0.695244,4.10459,0.0,0.0,0.132529,0.0524032,-0.695244,4.10459,2978.12,-0.679605,4.07401,0.0
3340.0,-0.69138,4.07423,0.0,0.0,0.386421,-3.03569,-0.69138,4.07423,2979.38,-0.683604,4.22575,0.0
3350.0,-0.688579,4.07288,0.0,0.0,0.280139,-0.135551,-0.688579,4.07288,2982.17,-0.875849,4.03955,0.0
3360.0,-0.690796,4.07358,0.0,0.0,-0.221713,0.0698962,-0.690796,4.07358,2987.94,-0.686839,4.02013,0.0
3370.0,-0.705647,4.08896,0.0,0.0,-1.48507,1.53836,-0.705647,4.08896,2997.99,-0.63252,4.02979,0.0
3380.0,-0.751615,4.08631,0.0,0.0,-4.59686,-0.265006,-0.751615,4.08631,3012.01,-0.81199,4.14252,0.0
3390.0,-0.756408,4.12252,0.0,0.0,-0.479304,3.62149,-0.756408,4.12252,3027.61,-0.754272,4.23546,0.0
3400.0,-0.840316,4.12483,0.0,0.0,-8.39076,0.23028,-0.840316,4.12483,3042.89,-0.919018,4.09529,0.0
3410.0,-0.844011,4.12458,0.0,0.0,-0.369505,-0.0250522,-0.844011,4.12458,3057.53,-0.903417,4.12019,0.0
3420.0,-0.842455,4.11802,0.0,0.0,0.15556,-0.655701,-0.842455,4.11802,3071.33,-0.951629,4.1182,0.0
3430.0,-0.799089,4.11449,0.0,0.0,4.3366,-0.352499,-0.799089,4.11449,3083.95,-0.705808,3.87725,0.0
3440.0,-0.695606,4.11263,0.0,0.0,10.3483,-0.186952,-0.695606,4.11263,3094.71,-0.686094,4.10585,0.0
3450.0,-0.647189,4.09078,0.0,0.0,4.84169,-2.18419,-0.647189,4.09078,3103.15,-0.542713,3.98571,0.0
3460.0,-0.540448,4.05885,0.0,0.0,10.6741,-3.19305,-0.540448,4.05885,3110.95,-0.461024,4.29244,0.0
3470.0,-0.416541,4.03013,0.0,0.0,12.3907,-2.87278,-0.416541,4.03013,3121.6,-0.393353,4.06981,0.0
3480.0,0.032991,3.64772,0.0,0.0,44.9532,-38.2405,0.032991,3.64772,3136.29,1.90659,2.55351,0.0
3490.0,0.623284,2.55393,0.0,0.0,59.0293,-109.379,0.623284,2.55393,3151.0,1.25726,1.47688,0.0
3500.0,0.93147,1.84177,0.0,0.0,30.8186,-71.2162,0.93147,1.84177,3160.94,0.822898,1.7375,0.0
3510.0,1.13406,1.80822,0.0,0.0,20.2592,-3.35431,1.13406,1.80822,3165.64,1.42004,2.11435,0.0
3520.0,1.21223,1.74799,0.0,0.0,7.81639,-6.02326,1.21223,1.74799,3167.33,1.19843,1.77952,0.0
3530.0,1.23763,1.74498,0.0,0.0,2.54076,-0.301224,1.23763,1.74498,3167.83,1.29925,1.94719,0.0
3540.0,1.2448,1.73893,0.0,0.0,0.716675,-0.604644,1.2448,1.73893,3168.02,1.19545,1.67094,0.0
3550.0,1.24481,1.69433,0.0,0.0,0.00110244,-4.46027,1.24481,1.69433,3168.38,1.44566,1.6616,0.0
3560.0,1.26547,1.65465,0.0,0.0,2.06606,-3.96776,1.26547,1.65465,3169.34,1.28798,1.58713,0.0
3570.0,1.26568,1.62632,0.0,0.0,0.020988,-2.83349,1.26568,1.62632,3170.77,1.16209,1.67896,0.0
3580.0,1.28744,1.59982,0.0,0.0,2.17551,-2.64917,1.28744,1.59982,3172.2,1.329,1.62684,0.0
3590.0,1.29874,1.59965,0.0,0.0,1.13011,-0.0174918,1.29874,1.59965,3174.04,1.29022,1.55332,0.0
3600.0,1.31685,1.6229,0.0,0.0,1.8115,2.32513,1.31685,1.6229,3176.99,1.28068,1.53651,0.0
3610.0,1.32098,1.62355,0.0,0.0,0.413017,0.065224,1.32098,1.62355,3180.9,1.41626,1.8125,0.0
3620.0,1.31463,1.61726,0.0,0.0,-0.635538,-0.629285,1.31463,1.61726,3184.88,1.35948,1.72846,0.0
3630.0,1.31591,1.64946,0.0,0.0,0.128739,3.22021,1.31591,1.64946,3188.25,1.32092,1.71236,0.0
3640.0,1.32238,1.65821,0.0,0.0,0.646885,0.874612,1.32238,1.65821,3191.15,1.24977,1.55078,0.0
3650.0,1.32891,1.68505,0.0,0.0,0.652276,2.6844,1.32891,1.68505,3193.95,1.41582,1.66523,0.0
3660.0,1.31589,1.68694,0.0,0.0,-1.3021,0.188304,1.31589,1.68694,3196.76,1.30526,1.65456,0.0
3670.0,1.285,1.70315,0.0,0.0,-3.0884,1.62184,1.285,1.70315,3199.39,1.6349,1.777,0.0
3680.0,1.28172,1.75393,0.0,0.0,-0.328199,5.07763,1.28172,1.75393,3201.39,1.19544,1.76989,0.0
3690.0,1.28172,1.75613,0.0,0.0,0.000441407,0.220327,1.28172,1.75613,3202.68,1.23255,1.71648,0.0
3700.0,1.28131,1.75293,0.0,0.0,-0.0410162,-0.32038,1.28131,1.75293,3203.53,1.26307,1.77029,0.0
3710.0,1.27938,1.67826,0.0,0.0,-0.19328,-7.46665,1.27938,1.67826,3203.98,1.31131,1.61058,0.0
3720.0,1.28933,1.63659,0.0,0.0,0.995016,-4.16729,1.28933,1.63659,3204.02,1.50264,1.60561,0.0
3730.0,1.31006,1.63372,0.0,0.0,2.07301,-0.287155,1.31006,1.63372,3203.77,1.30806,1.54207,0.0
3740.0,1.31127,1.61016,0.0,0.0,0.120793,-2.35577,1.31127,1.61016,3203.19,1.26773,1.65922,0.0
3750.0,1.31984,1.59442,0.0,0.0,0.857308,-1.57433,1.31984,1.59442,3202.18,1.34989,1.74254,0.0
3760.0,1.34889,1.56522,0.0,0.0,2.90511,-2.92006,1.34889,1.56522,3200.53,1.43906,1.44006,0.0
3770.0,1.3685,1.61784,0.0,0.0,1.96107,5.2625,1.3685,1.61784,3198.17,1.39256,1.3338,0.0
3780.0,1.36957,1.62964,0.0,0.0,0.106859,1.18013,1.36957,1.62964,3195.72,1.10342,1.72387,0.0
3790.0,1.36748,1.61408,0.0,0.0,-0.209331,-1.55647,1.36748,1.61408,3193.59,1.37019,1.63953,0.0
3800.0,1.32886,1.64016,0.0,0.0,-3.86224,2.60832,1.32886,1.64016,3191.27,1.36463,1.76704,0.0
3810.0,1.29313,1.64163,0.0,0.0,-3.57295,0.146699,1.29313,1.64163,3188.17,1.21612,1.41645,0.0
3820.0,1.28903,1.64158,0.0,0.0,-0.410192,-0.00527737,1.28903,1.64158,3184.42,1.15536,1.64861,0.0
3830.0,1.28885,1.63942,0.0,0.0,-0.0174095,-0.215605,1.28885,1.63942,3179.81,1.27605,1.63164,0.0
3840.0,1.28969,1.63494,0.0,0.0,0.0838525,-0.448166,1.28969,1.63494,3173.33,1.29763,1.70676,0.0
3850.0,1.31278,1.61694,0.0,0.0,2.30953,-1.79968,1.31278,1.61694,3164.5,1.37563,1.37738,0.0
3860.0,1.35158,1.59004,0.0,0.0,3.87976,-2.69032,1.35158,1.59004,3154.15,1.42782,1.57436,0.0
3870.0,1.35305,1.57626,0.0,0.0,0.146977,-1.37798,1.35305,1.57626,3144.62,1.41741,1.57541,0.0
3880.0,1.35655,1.57459,0.0,0.0,0.349891,-0.166997,1.35655,1.57459,3137.64,1.31659,1.48987,0.0
3890.0,1.35512,1.55365,0.0,0.0,-0.14359,-2.09384,1.35512,1.55365,3131.81,1.31807,1.57625,0.0
3900.0,1.32709,1.5233,0.0,0.0,-2.80221,-3.03497,1.32709,1.5233,3124.36,1.34104,1.42257,0.0
3910.0,1.23182,1.52283,0.0,0.0,-9.52763,-0.0473535,1.23182,1.52283,3114.32,1.12943,1.49733,0.0
3920.0,1.22814,1.52287,0.0,0.0,-0.36728,0.00421119,1.22814,1.52287,3103.63,1.04231,1.51357,0.0
3930.0,1.23658,1.52354,0.0,0.0,0.843565,0.0673488,1.23658,1.52354,3095.35,1.13919,1.53873,0.0
3940.0,1.19012,1.53617,0.0,0.0,-4.6464,1.26226,1.19012,1.53617,3090.1,1.3416,1.59005,0.0
3950.0,1.26093,1.54117,0.0,0.0,7.08136,0.500282,1.26093,1.54117,3085.37,1.34174,1.52971,0.0
3960.0,1.27394,1.54197,0.0,0.0,1.30062,0.0797757,1.27394,1.54197,3079.44,1.23077,1.55288,0.0
3970.0,1.27347,1.55817,0.0,0.0,-0.0464296,1.6203,1.27347,1.55817,3073.86,1.36777,1.66707,0.0
3980.0,1.2419,1.57247,0.0,0.0,-3.15755,1.42966,1.2419,1.57247,3070.47,1.25147,1.53001,0.0
3990.0,1.20744,1.58764,0.0,0.0,-3.44567,1.51707,1.20744,1.58764,3068.67,1.18234,1.57357,0.0
4000.0,1.17759,1.61376,0.0,0.0,-2.98509,2.61277,1.17759,1.61376,3066.77,1.04504,1.62981,0.0
4010.0,1.13651,1.61655,0.0,0.0,-4.10826,0.27844,1.13651,1.61655,3063.78,1.15487,1.36684,0.0
4020.0,1.02192,1.64934,0.0,0.0,-11.4583,3.27889,1.02192,1.64934,3059.63,1.00331,1.74695,0.0
4030.0,-0.0457867,1.71997,0.0,0.0,-106.771,7.06282,-0.0457867,1.71997,3054.25,-1.38453,1.73244,0.0
4040.0,-1.21081,2.09324,0.0,0.0,-116.502,37.3271,-1.21081,2.09324,3046.82,-1.09077,2.40927,0.0
4050.0,-1.77078,2.75112,0.0,0.0,-55.9973,65.7887,-1.77078,2.75112,3037.02,-2.34573,3.7742,0.0
4060.0,-2.22233,3.31271,0.0,0.0,-45.1541,56.1586,-2.22233,3.31271,3026.62,-2.31792,3.86029,0.0
4070.0,-2.3081,3.57997,0.0,0.0,-8.57699,26.7258,-2.3081,3.57997,3017.75,-2.17092,3.47525,0.0
4080.0,-2.3335,3.63095,0.0,0.0,-2.54021,5.09837,-2.3335,3.63095,3010.5,-2.49847,3.55482,0.0
4090.0,-2.33474,3.65319,0.0,0.0,-0.124436,2.22372,-2.33474,3.65319,3003.08,-2.2664,3.63732,0.0
4100.0,-2.34955,3.72917,0.0,0.0,-1.48077,7.59852,-2.34955,3.72917,2993.7,-2.42135,3.79626,0.0
4110.0,-2.34897,3.79777,0.0,0.0,0.0580048,6.85964,-2.34897,3.79777,2981.39,-2.30538,3.89279,0.0
4120.0,-2.35636,3.80157,0.0,0.0,-0.738897,0.379979,-2.35636,3.80157,2967.66,-2.39901,3.98034,0.0
4130.0,-2.38686,3.82092,0.0,0.0,-3.05067,1.93536,-2.38686,3.82092,2956.69,-2.24939,3.80472,0.0
4140.0,-2.40103,3.82106,0.0,0.0,-1.41644,0.013588,-2.40103,3.82106,2950.89,-2.47666,3.79503,0.0
4150.0,-2.50292,3.80197,0.0,0.0,-10.189,-1.9091,-2.50292,3.80197,2948.67,-2.56716,3.83937,0.0
4160.0,-2.58265,3.78996,0.0,0.0,-7.97322,-1.20099,-2.58265,3.78996,2947.6,-2.65248,3.77232,0.0
4170.0,-2.58634,3.77288,0.0,0.0,-0.369084,-1.70755,-2.58634,3.77288,2946.73,-2.76733,3.67978,0.0
4180.0,-2.58619,3.74436,0.0,0.0,0.0151013,-2.85285,-2.58619,3.74436,2945.98,-2.55767,3.67942,0.0
4190.0,-2.5665,3.7191,0.0,0.0,1.96896,-2.52552,-2.5665,3.7191,2945.33,-2.42715,3.76081,0.0
4200.0,-2.51454,3.71646,0.0,0.0,5.19631,-0.263966,-2.51454,3.71646,2944.81,-2.50326,3.74112,0.0
4210.0,-2.40449,3.69387,0.0,0.0,11.0047,-2.25933,-2.40449,3.69387,2944.42,-2.30417,3.66997,0.0
4220.0,-2.3069,3.68806,0.0,0.0,9.75884,-0.580882,-2.3069,3.68806,2944.08,-2.2974,3.80626,0.0
4230.0,-2.30232,3.66792,0.0,0.0,0.45784,-2.01423,-2.30232,3.66792,2943.82,-2.29847,3.40723,0.0
4240.0,-2.29975,3.62229,0.0,0.0,0.25694,-4.56263,-2.29975,3.62229,2943.69,-2.33914,3.66656,0.0
4250.0,-2.28007,3.56501,0.0,0.0,1.96855,-5.72849,-2.28007,3.56501,2943.7,-2.25625,3.48881,0.0
4260.0,-2.25847,3.56231,0.0,0.0,2.16026,-0.269544,-2.25847,3.56231,2944.13,-2.26328,3.47881,0.0
4270.0,-2.24877,3.56277,0.0,0.0,0.969894,0.0460328,-2.24877,3.56277,2946.09,-2.12684,3.63561,0.0
4280.0,-2.2423,3.5783,0.0,0.0,0.646328,1.5529,-2.2423,3.5783,2951.71,-2.22998,3.60566,0.0
4290.0,-2.24077,3.63354,0.0,0.0,0.153178,5.52394,-2.24077,3.63354,2962.88,-2.2494,3.72596,0.0
4300.0,-2.24041,3.65455,0.0,0.0,0.0358533,2.10134,-2.24041,3.65455,2978.38,-2.0717,3.66714,0.0
4310.0,-2.24359,3.65541,0.0,0.0,-0.318017,0.0858844,-2.24359,3.65541,2993.14,-2.28446,3.66012,0.0
4320.0,-2.25036,3.65549,0.0,0.0,-0.676677,0.00834568,-2.25036,3.65549,3003.03,-2.26151,3.63342,0.0
4330.0,-2.25482,3.65516,0.0,0.0,-0.445765,-0.0337777,-2.25482,3.65516,3008.41,-2.25031,3.51034,0.0
4340.0,-2.25503,3.64622,0.0,0.0,-0.0206829,-0.893666,-2.25503,3.64622,3012.24,-2.19127,3.63304,0.0
4350.0,-2.24929,3.6455,0.0,0.0,0.57327,-0.0720567,-2.24929,3.6455,3017.07,-2.28556,3.67118,0.0
4360.0,-2.21072,3.63918,0.0,0.0,3.8573,-0.632429,-2.21072,3.63918,3023.41,-2.1617,3.59857,0.0
4370.0,-2.15043,3.63804,0.0,0.0,6.02851,-0.113386,-2.15043,3.63804,3030.22,-2.08606,3.65434,0.0
4380.0,-2.10584,3.63383,0.0,0.0,4.45923,-0.421145,-2.10584,3.63383,3037.17,-1.95284,3.65036,0.0
4390.0,-2.10429,3.6211,0.0,0.0,0.155744,-1.2725,-2.10429,3.6211,3044.87,-2.00476,3.42804,0.0
4400.0,-2.10526,3.57813,0.0,0.0,-0.0974503,-4.2976,-2.10526,3.57813,3052.91,-2.27022,3.58983,0.0
4410.0,-2.10651,3.57088,0.0,0.0,-0.124679,-0.725161,-2.10651,3.57088,3060.04,-2.1741,3.397,0.0
4420.0,-2.14611,3.57112,0.0,0.0,-3.96056,0.0246211,-2.14611,3.57112,3065.88,-2.18677,3.53404,0.0
4430.0,-2.16814,3.57381,0.0,0.0,-2.20307,0.268578,-2.16814,3.57381,3070.72,-2.12023,3.72488,0.0
4440.0,-2.17221,3.63003,0.0,0.0,-0.406773,5.62254,-2.17221,3.63003,3074.63,-2.28659,3.6856,0.0
4450.0,-2.18226,3.66068,0.0,0.0,-1.00493,3.06421,-2.18226,3.66068,3077.52,-2.16586,3.65338,0.0
4460.0,-2.27993,3.68669,0.0,0.0,-9.76743,2.60164,-2.27993,3.68669,3079.63,-2.40663,3.62852,0.0
4470.0,-2.84292,3.93357,0.0,0.0,-56.2986,24.6879,-2.84292,3.93357,3081.43,-4.21299,4.64921,0.0
4480.0,-3.74248,4.51446,0.0,0.0,-89.9557,58.0891,-3.74248,4.51446,3083.44,-4.20765,5.08346,0.0
4490.0,-4.21262,5.20428,0.0,0.0,-47.0141,68.9813,-4.21262,5.20428,3085.74,-4.38396,5.85494,0.0
4500.0,-4.25652,5.578,0.0,0.0,-4.39052,37.3726,-4.25652,5.578,3087.7,-4.30113,5.527,0.0
4510.0,-4.28249,5.651,0.0,0.0,-2.59706,7.29947,-4.28249,5.651,3089.08,-4.26418,5.61207,0.0
4520.0,-4.34316,5.68999,0.0,0.0,-6.06621,3.89905,-4.34316,5.68999,3090.37,-4.47695,5.6985,0.0
4530.0,-4.41543,5.67859,0.0,0.0,-7.22734,-1.14,-4.41543,5.67859,3091.64,-4.75999,5.69328,0.0
4540.0,-4.44179,5.67832,0.0,0.0,-2.63617,-0.0263436,-4.44179,5.67832,3092.61,-4.56682,5.74174,0.0
4550.0,-4.44287,5.6758,0.0,0.0,-0.107667,-0.252809,-4.44287,5.6758,3093.28,-4.44741,5.66323,0.0
4560.0,-4.44373,5.61542,0.0,0.0,-0.0864118,-6.0372,-4.44373,5.61542,3093.96,-4.34939,5.50805,0.0
4570.0,-4.43707,5.55441,0.0,0.0,0.666016,-6.10139,-4.43707,5.55441,3095.7,-4.43217,5.56746,0.0
4580.0,-4.43689,5.52714,0.0,0.0,0.0176764,-2.72691,-4.43689,5.52714,3100.21,-4.38825,5.46173,0.0
4590.0,-4.42807,5.51158,0.0,0.0,0.882694,-1.55587,-4.42807,5.51158,3108.1,-4.41077,5.62165,0.0
4600.0,-4.41612,5.48854,0.0,0.0,1.19494,-2.30448,-4.41612,5.48854,3117.7,-4.45331,5.45927,0.0
4610.0,-4.41589,5.48636,0.0,0.0,0.022509,-0.217935,-4.41589,5.48636,3126.92,-4.4101,5.36357,0.0
4620.0,-4.42295,5.45905,0.0,0.0,-0.705159,-2.73098,-4.42295,5.45905,3134.97,-4.32029,5.45078,0.0
4630.0,-4.43692,5.4542,0.0,0.0,-1.39771,-0.48496,-4.43692,5.4542,3142.68,-4.61591,5.74718,0.0
4640.0,-4.44291,5.45417,0.0,0.0,-0.598285,-0.0024347,-4.44291,5.45417,3152.35,-4.52311,5.39955,0.0
4650.0,-4.44403,5.45582,0.0,0.0,-0.112919,0.164581,-4.44403,5.45582,3164.99,-4.28868,5.3839,0.0
4660.0,-4.46482,5.46078,0.0,0.0,-2.07895,0.496031,-4.46482,5.46078,3178.3,-4.54448,5.5494,0.0
4670.0,-4.46294,5.46103,0.0,0.0,0.188326,0.0249176,-4.46294,5.46103,3190.07,-4.3862,5.51858,0.0
4680.0,-4.48591,5.46299,0.0,0.0,-2.29734,0.196317,-4.48591,5.46299,3200.52,-4.09995,5.401,0.0
4690.0,-4.47865,5.46297,0.0,0.0,0.726287,-0.00276118,-4.47865,5.46297,3209.61,-4.70933,5.33627,0.0
4700.0,-4.47831,5.46183,0.0,0.0,0.0341735,-0.113373,-4.47831,5.46183,3216.59,-4.52458,5.52906,0.0
4710.0,-4.47882,5.43362,0.0,0.0,-0.0507343,-2.82087,-4.47882,5.43362,3221.65,-4.49092,5.40722,0.0
4720.0,-4.47868,5.37318,0.0,0.0,0.0133301,-6.04408,-4.47868,5.37318,3225.41,-4.72076,5.28293,0.0
4730.0,-4.4629,5.32426,0.0,0.0,1.57801,-4.89259,-4.4629,5.32426,3227.89,-4.44041,5.3377,0.0
4740.0,-4.01217,5.29174,0.0,0.0,45.0735,-3.25197,-4.01217,5.29174,3228.88,-3.66159,5.4534,0.0
4750.0,-2.32118,5.25117,0.0,0.0,169.099,-4.0567,-2.32118,5.25117,3228.67,-0.351945,5.19402,0.0
4760.0,-0.960875,5.0714,0.0,0.0,136.031,-17.9772,-0.960875,5.0714,3227.42,-1.07821,4.23819,0.0
4770.0,-0.868569,4.81208,0.0,0.0,9.23066,-25.9317,-0.868569,4.81208,3224.63,-0.848966,4.60308,0.0
4780.0,-0.804055,4.73624,0.0,0.0,6.45134,-7.58413,-0.804055,4.73624,3219.15,-0.895743,4.81233,0.0
4790.0,-0.867403,4.72264,0.0,0.0,-6.3348,-1.35962,-0.867403,4.72264,3211.23,-0.601346,4.59548,0.0
4800.0,-0.833549,4.66338,0.0,0.0,3.3854,-5.92617,-0.833549,4.66338,3204.11,-0.602342,4.77801,0.0
4810.0,-0.799141,4.62544,0.0,0.0,3.44088,-3.79452,-0.799141,4.62544,3199.75,-0.891982,4.74204,0.0
4820.0,-0.796072,4.62638,0.0,0.0,0.306842,0.0939355,-0.796072,4.62638,3195.98,-0.794523,4.61712,0.0
4830.0,-0.79468,4.68094,0.0,0.0,0.139259,5.4568,-0.79468,4.68094,3189.22,-0.800688,4.64412,0.0
4840.0,-0.795778,4.62637,0.0,0.0,-0.109871,-5.45703,-0.795778,4.62637,3177.93,-0.867556,4.51128,0.0
4850.0,-0.790753,4.6253,0.0,0.0,0.502488,-0.107262,-0.790753,4.6253,3163.64,-0.664948,4.85933,0.0
4860.0,-0.791239,4.6606,0.0,0.0,-0.0485938,3.5295,-0.791239,4.6606,3148.54,-0.613167,4.59557,0.0
4870.0,-0.792691,4.70298,0.0,0.0,-0.145146,4.23806,-0.792691,4.70298,3133.89,-0.782838,4.78023,0.0
4880.0,-0.85242,4.71946,0.0,0.0,-5.97292,1.64793,-0.85242,4.71946,3119.34,-1.04661,4.66382,0.0
4890.0,-0.976554,4.72217,0.0,0.0,-12.4134,0.270913,-0.976554,4.72217,3102.75,-0.697958,4.71752,0.0
4900.0,-1.02319,4.74856,0.0,0.0,-4.66335,2.63987,-1.02319,4.74856,3082.79,-1.06345,4.77703,0.0
4910.0,-1.02322,4.74838,0.0,0.0,-0.00277183,-0.0180131,-1.02322,4.74838,3059.69,-1.05056,4.87845,0.0
4920.0,-0.981769,4.74719,0.0,0.0,4.1447,-0.119236,-0.981769,4.74719,3035.82,-1.00243,4.87616,0.0
4930.0,-0.966981,4.72302,0.0,0.0,1.47872,-2.41734,-0.966981,4.72302,3016.67,-0.909089,4.50439,0.0
4940.0,-0.582676,4.58472,0.0,0.0,38.4306,-13.8293,-0.582676,4.58472,3005.32,0.236977,4.84588,0.0
4950.0,1.29679,4.32819,0.0,0.0,187.947,-25.6539,1.29679,4.32819,2997.83,4.21007,3.85853,0.0
4960.0,2.87427,3.92998,0.0,0.0,157.748,-39.8206,2.87427,3.92998,2987.05,2.98465,3.44795,0.0
4970.0,2.93411,3.65331,0.0,0.0,5.9842,-27.667,2.93411,3.65331,2970.35,2.63178,3.65654,0.0
4980.0,2.96451,3.5918,0.0,0.0,3.04025,-6.15066,2.96451,3.5918,2952.55,2.90041,3.69581,0.0
4990.0,2.9665,3.56958,0.0,0.0,0.19873,-2.22219,2.9665,3.56958,2939.27,2.9395,3.56874,0.0
5000.0,2.9934,3.56793,0.0,0.0,2.69044,-0.165041,2.9934,3.56793,2930.94,3.19498,3.50099,0.0
5010.0,2.98355,3.54998,0.0,0.0,-0.984946,-1.79477,2.98355,3.54998,2925.31,3.18737,3.56842,0.0
5020.0,2.99625,3.51826,0.0,0.0,1.26936,-3.17227,2.99625,3.51826,2920.89,2.90613,3.49657,0.0
5030.0,2.99431,3.51737,0.0,0.0,-0.194144,-0.0888043,2.99431,3.51737,2916.83,2.84707,3.62415,0.0
5040.0,2.93689,3.52743,0.0,0.0,-5.74134,1.00573,2.93689,3.52743,2912.18,2.98574,3.43825,0.0
5050.0,2.9339,3.51203,0.0,0.0,-0.299486,-1.53954,2.9339,3.51203,2907.13,3.04475,3.59768,0.0
5060.0,2.93436,3.52795,0.0,0.0,0.0465872,1.59135,2.93436,3.52795,2903.22,2.85518,3.57373,0.0
5070.0,2.94662,3.52966,0.0,0.0,1.2252,0.171199,2.94662,3.52966,2901.29,2.94912,3.47565,0.0
5080.0,2.94765,3.5295,0.0,0.0,0.103177,-0.0158242,2.94765,3.5295,2900.64,2.94674,3.53576,0.0
5090.0,2.94983,3.52458,0.0,0.0,0.218314,-0.492374,2.94983,3.52458,2900.37,3.03388,3.53466,0.0
5100.0,2.96065,3.51634,0.0,0.0,1.08175,-0.82397,2.96065,3.51634,2900.23,2.87624,3.49953,0.0
5110.0,2.99077,3.51594,0.0,0.0,3.0124,-0.0400005,2.99077,3.51594,2900.25,2.99463,3.59145,0.0
5120.0,3.0128,3.5159,0.0,0.0,2.20265,-0.00335937,3.0128,3.5159,2900.7,3.09551,3.5147,0.0
5130.0,3.01371,3.5159,0.0,0.0,0.0912284,-0.000136828,3.01371,3.5159,2902.26,3.13744,3.33036,0.0
5140.0,3.01403,3.51372,0.0,0.0,0.0313985,-0.217899,3.01403,3.51372,2905.41,2.94016,3.75248,0.0
5150.0,3.01908,3.46084,0.0,0.0,0.505593,-5.28854,3.01908,3.46084,2909.79,2.80338,3.62083,0.0
5160.0,2.97019,3.38593,0.0,0.0,-4.88929,-7.49099,2.97019,3.38593,2915.12,2.89797,3.41708,0.0
5170.0,2.92884,3.4299,0.0,0.0,-4.13484,4.39661,2.92884,3.4299,2921.86,3.02455,3.27092,0.0
5180.0,2.91094,3.37953,0.0,0.0,-1.78971,-5.03695,2.91094,3.37953,2929.58,2.88275,3.24891,0.0
5190.0,2.89607,3.30217,0.0,0.0,-1.48722,-7.73601,2.89607,3.30217,2937.15,2.96296,3.45138,0.0
5200.0,2.59077,3.24327,0.0,0.0,-30.5297,-5.88997,2.59077,3.24327,2945.48,1.71216,3.26168,0.0
5210.0,1.86771,2.93769,0.0,0.0,-72.3062,-30.5577,1.86771,2.93769,2955.45,0.0199996,2.02361,0.0
5220.0,1.29489,2.50506,0.0,0.0,-57.2824,-43.2625,1.29489,2.50506,2964.53,1.4076,2.00865,0.0
5230.0,1.12341,2.27445,0.0,0.0,-17.1477,-23.061,1.12341,2.27445,2969.8,1.10746,2.35577,0.0
5240.0,1.10401,2.15427,0.0,0.0,-1.93994,-12.0183,1.10401,2.15427,2971.68,1.0995,1.96233,0.0
5250.0,1.10649,2.09294,0.0,0.0,0.247609,-6.1328,1.10649,2.09294,2972.13,1.14507,2.11887,0.0
5260.0,1.09936,2.05212,0.0,0.0,-0.712355,-4.082,1.09936,2.05212,2972.22,0.760395,1.91028,0.0
5270.0,1.06275,2.00636,0.0,0.0,-3.66105,-4.57636,1.06275,2.00636,2972.15,1.10453,1.81411,0.0
5280.0,0.997143,1.95137,0.0,0.0,-6.561,-5.49881,0.997143,1.95137,2972.01,0.892837,2.04131,0.0
5290.0,0.97349,1.92022,0.0,0.0,-2.36534,-3.11495,0.97349,1.92022,2971.81,0.945574,1.92696,0.0
5300.0,1.00264,1.94885,0.0,0.0,2.91471,2.86266,1.00264,1.94885,2971.4,1.20894,1.60036,0.0
5310.0,1.00607,1.94616,0.0,0.0,0.343746,-0.268706,1.00607,1.94616,2970.44,0.977151,1.81956,0.0
5320.0,1.05885,1.9476,0.0,0.0,5.27773,0.144293,1.05885,1.9476,2968.45,1.13874,2.13678,0.0
5330.0,1.11223,1.9969,0.0,0.0,5.33747,4.92997,1.11223,1.9969,2965.38,1.04828,1.96518,0.0
5340.0,1.13679,2.06046,0.0,0.0,2.45669,6.35521,1.13679,2.06046,2961.97,1.22681,2.13658,0.0
5350.0,1.14877,2.06036,0.0,0.0,1.19761,-0.00962304,1.14877,2.06036,2958.89,1.30505,2.02634,0.0
5360.0,1.16786,1.99679,0.0,0.0,1.90955,-6.35689,1.16786,1.99679,2955.86,0.843607,2.10109,0.0
5370.0,1.18311,1.95079,0.0,0.0,1.52477,-4.60053,1.18311,1.95079,2952.52,1.15395,1.87885,0.0
5380.0,1.19292,1.85815,0.0,0.0,0.981235,-9.26337,1.19292,1.85815,2949.67,1.2999,1.7893,0.0
5390.0,1.19127,1.80337,0.0,0.0,-0.165149,-5.47783,1.19127,1.80337,2948.16,1.3156,1.74958,0.0
5400.0,1.17525,1.77404,0.0,0.0,-1.60264,-2.93362,1.17525,1.77404,2947.71,1.09231,1.59947,0.0
5410.0,1.17105,1.77287,0.0,0.0,-0.419567,-0.11634,1.17105,1.77287,2947.71,1.01618,1.73622,0.0
5420.0,1.14219,1.77646,0.0,0.0,-2.886,0.358469,1.14219,1.77646,2948.0,1.14723,1.81567,0.0
5430.0,1.10826,1.85767,0.0,0.0,-3.39305,8.12153,1.10826,1.85767,2948.8,1.0283,2.09857,0.0
5440.0,1.05529,1.97575,0.0,0.0,-5.29722,11.8073,1.05529,1.97575,2949.86,1.13883,2.05663,0.0
5450.0,1.05289,2.01943,0.0,0.0,-0.240137,4.36808,1.05289,2.01943,2950.78,1.19404,1.98377,0.0
5460.0,1.02715,2.02134,0.0,0.0,-2.57337,0.191598,1.02715,2.02134,2952.17,0.887667,1.83338,0.0
5470.0,1.0501,2.02073,0.0,0.0,2.29497,-0.0610431,1.0501,2.02073,2954.88,1.02572,2.1039,0.0
5480.0,1.01537,2.00936,0.0,0.0,-3.47322,-1.13691,1.01537,2.00936,2958.69,0.962257,1.82259,0.0
5490.0,0.987946,1.95854,0.0,0.0,-2.74245,-5.08271,0.987946,1.95854,2962.88,1.09825,2.0,0.0
5500.0,1.0124,1.8998,0.0,0.0,2.44577,-5.87396,1.0124,1.8998,2967.76,1.04088,1.80983,0.0
5510.0,1.04926,1.85261,0.0,0.0,3.68535,-4.71844,1.04926,1.85261,2974.82,0.953593,1.95488,0.0
5520.0,1.1055,1.85018,0.0,0.0,5.6239,-0.243621,1.1055,1.85018,2983.98,1.11908,1.76524,0.0
5530.0,1.12046,1.85262,0.0,0.0,1.49653,0.244596,1.12046,1.85262,2991.89,1.12916,1.81872,0.0
5540.0,1.1227,1.91069,0.0,0.0,0.224065,5.80678,1.1227,1.91069,2995.91,1.12535,2.06157,0.0
5550.0,1.12527,1.90226,0.0,0.0,0.25722,-0.843017,1.12527,1.90226,2996.92,1.20967,2.0242,0.0
5560.0,1.13529,1.90169,0.0,0.0,1.00108,-0.0566036,1.13529,1.90169,2997.17,1.0107,1.86849,0.0
5570.0,1.15294,1.89892,0.0,0.0,1.76549,-0.277925,1.15294,1.89892,2997.79,1.11996,1.84728,0.0
5580.0,1.1618,1.8371,0.0,0.0,0.885624,-6.18198,1.1618,1.8371,2998.38,1.22467,1.74358,0.0
5590.0,1.16134,1.79192,0.0,0.0,-0.0452561,-4.51721,1.16134,1.79192,2998.25,1.16175,1.81555,0.0
5600.0,1.16987,1.77564,0.0,0.0,0.852375,-1.62811,1.16987,1.77564,2997.57,1.36765,1.74481,0.0
5610.0,1.19176,1.76636,0.0,0.0,2.18896,-0.928423,1.19176,1.76636,2997.03,1.17125,1.53314,0.0
5620.0,1.20231,1.77475,0.0,0.0,1.05553,0.83949,1.20231,1.77475,2996.89,1.3787,1.78334,0.0
5630.0,1.20224,1.77849,0.0,0.0,-0.00762249,0.3734,1.20224,1.77849,2997.03,1.15941,1.74655,0.0
5640.0,1.18922,1.85765,0.0,0.0,-1.30167,7.9163,1.18922,1.85765,2997.21,1.24292,2.01186,0.0
5650.0,1.1486,1.92856,0.0,0.0,-4.06211,7.0909,1.1486,1.92856,2997.0,1.09654,1.93726,0.0
5660.0,1.08806,1.93213,0.0,0.0,-6.05412,0.356595,1.08806,1.93213,2995.75,0.971919,1.9277,0.0
5670.0,1.06243,1.93478,0.0,0.0,-2.56269,0.265643,1.06243,1.93478,2993.22,1.05166,1.73928,0.0
5680.0,1.06025,1.93516,0.0,0.0,-0.218521,0.0374232,1.06025,1.93516,2990.17,1.03638,1.97831,0.0
5690.0,1.0336,1.94104,0.0,0.0,-2.66466,0.588267,1.0336,1.94104,2987.03,0.913238,1.9229,0.0
5700.0,1.03398,1.94112,0.0,0.0,0.0382675,0.00844681,1.03398,1.94112,2982.73,1.12478,1.99061,0.0
5710.0,1.07298,1.92821,0.0,0.0,3.89939,-1.29138,1.07298,1.92821,2976.29,0.906569,2.04553,0.0
5720.0,1.1569,1.70968,0.0,0.0,8.39239,-21.8528,1.1569,1.70968,2968.48,1.35715,1.47986,0.0
5730.0,1.15308,1.36049,0.0,0.0,-0.381935,-34.9193,1.15308,1.36049,2960.79,1.70206,0.969605,0.0
5740.0,1.19047,1.13767,0.0,0.0,3.73919,-22.2821,1.19047,1.13767,2953.64,0.804422,0.826649,0.0
5750.0,1.19886,1.04848,0.0,0.0,0.838673,-8.91838,1.19886,1.04848,2946.95,1.02652,1.02137,0.0
5760.0,1.19915,1.04496,0.0,0.0,0.029619,-0.352376,1.19915,1.04496,2940.96,1.19787,1.23185,0.0
5770.0,1.20003,1.04495,0.0,0.0,0.0878909,-0.000889109,1.20003,1.04495,2935.96,1.21877,1.05321,0.0
5780.0,1.22218,1.04473,0.0,0.0,2.21455,-0.0215967,1.22218,1.04473,2932.09,1.2609,1.29687,0.0
5790.0,1.27235,1.04397,0.0,0.0,5.01736,-0.0763043,1.27235,1.04397,2928.91,1.4,0.950187,0.0
5800.0,1.28733,1.03689,0.0,0.0,1.49742,-0.707955,1.28733,1.03689,2925.93,1.39165,1.05686,0.0
5810.0,1.30175,1.0224,0.0,0.0,1.44182,-1.44912,1.30175,1.0224,2922.95,1.23052,0.986548,0.0
5820.0,1.30136,1.02127,0.0,0.0,-0.0383865,-0.112605,1.30136,1.02127,2920.13,1.17962,1.11338,0.0
5830.0,1.2764,1.00988,0.0,0.0,-2.49618,-1.1396,1.2764,1.00988,2918.29,1.29045,0.907847,0.0
5840.0,1.21953,1.00992,0.0,0.0,-5.68741,0.00425859,1.21953,1.00992,2917.83,0.835533,0.902902,0.0
5850.0,1.1586,1.01127,0.0,0.0,-6.09212,0.134557,1.1586,1.01127,2918.72,1.17978,1.08638,0.0
5860.0,1.1385,1.02842,0.0,0.0,-2.01071,1.71516,1.1385,1.02842,2921.25,1.09946,1.16672,0.0
5870.0,1.13035,1.0295,0.0,0.0,-0.814773,0.107896,1.13035,1.0295,2925.27,0.98682,1.06178,0.0
5880.0,1.13023,1.03526,0.0,0.0,-0.0119872,0.576262,1.13023,1.03526,2929.91,1.14332,1.17835,0.0
5890.0,1.13155,1.0355,0.0,0.0,0.132346,0.0239984,1.13155,1.0355,2934.68,1.14321,0.928599,0.0
5900.0,1.138,1.03664,0.0,0.0,0.644907,0.11384,1.138,1.03664,2939.84,1.10772,1.05526,0.0
5910.0,1.14194,1.06397,0.0,0.0,0.394219,2.73288,1.14194,1.06397,2945.57,1.14743,0.966158,0.0
5920.0,1.14668,1.06512,0.0,0.0,0.473652,0.11558,1.14668,1.06512,2951.33,1.12708,1.13222,0.0
5930.0,1.14676,1.06512,0.0,0.0,0.00824103,-7.0989e-05,1.14676,1.06512,2956.44,1.18194,1.11529,0.0
5940.0,1.1435,1.06515,0.0,0.0,-0.326744,0.00273324,1.1435,1.06515,2961.45,1.1654,1.12365,0.0
5950.0,1.1294,1.06297,0.0,0.0,-1.40977,-0.217693,1.1294,1.06297,2967.93,1.0792,0.991431,0.0
5960.0,1.09798,1.01269,0.0,0.0,-3.14176,-5.02801,1.09798,1.01269,2976.52,1.07393,1.03053,0.0
5970.0,1.04911,1.00138,0.0,0.0,-4.88737,-1.13153,1.04911,1.00138,2986.21,0.92103,0.912105,0.0
5980.0,1.03618,0.98913,0.0,0.0,-1.29236,-1.22465,1.03618,0.98913,2996.78,1.01252,1.05622,0.0
5990.0,1.03562,0.985599,0.0,0.0,-0.0560092,-0.353129,1.03562,0.985599,3008.61,1.01847,0.992532,0.0
6000.0,1.03707,0.982356,0.0,0.0,0.144425,-0.324285,1.03707,0.982356,3019.85,1.1006,0.978199,0.0
6010.0,1.07411,0.981166,0.0,0.0,3.70467,-0.119055,1.07411,0.981166,3028.18,1.0896,1.05593,0.0
6020.0,1.12459,0.964692,0.0,0.0,5.04715,-1.64735,1.12459,0.964692,3033.95,1.28218,0.790293,0.0
6030.0,1.12662,0.95111,0.0,0.0,0.203207,-1.35817,1.12662,0.95111,3039.13,1.17301,0.92396,0.0
6040.0,1.132,0.949697,0.0,0.0,0.537957,-0.141392,1.132,0.949697,3045.1,1.14513,0.948826,0.0
6050.0,1.13112,0.94897,0.0,0.0,-0.0880864,-0.0726317,1.13112,0.94897,3052.33,1.06402,0.950614,0.0
6060.0,1.10594,0.942843,0.0,0.0,-2.51784,-0.612721,1.10594,0.942843,3059.92,1.12211,0.968823,0.0
6070.0,1.10448,0.929757,0.0,0.0,-0.146122,-1.30859,1.10448,0.929757,3065.85,1.08599,0.859777,0.0
6080.0,1.10712,0.889495,0.0,0.0,0.264299,-4.02624,1.10712,0.889495,3069.78,1.04109,0.875665,0.0
6090.0,1.19523,0.837532,0.0,0.0,8.8115,-5.19631,1.19523,0.837532,3072.46,1.29444,0.612798,0.0
6100.0,1.29067,0.788054,0.0,0.0,9.54402,-4.94773,1.29067,0.788054,3073.38,1.27451,0.807725,0.0
6110.0,1.33448,0.764277,0.0,0.0,4.38071,-2.37768,1.33448,0.764277,3071.4,1.44711,0.803128,0.0
6120.0,1.38252,0.744574,0.0,0.0,4.80379,-1.97037,1.38252,0.744574,3066.27,1.29204,0.721263,0.0
6130.0,1.40919,0.761793,0.0,0.0,2.66667,1.72194,1.40919,0.761793,3059.67,1.49571,0.725986,0.0
6140.0,1.40958,0.742689,0.0,0.0,0.0392977,-1.91038,1.40958,0.742689,3053.9,1.39495,0.640687,0.0
6150.0,1.40602,0.723487,0.0,0.0,-0.356027,-1.92019,1.40602,0.723487,3048.99,1.50712,0.792905,0.0
6160.0,1.40348,0.704584,0.0,0.0,-0.253575,-1.89034,1.40348,0.704584,3043.68,1.3187,0.685805,0.0
6170.0,1.35901,0.693694,0.0,0.0,-4.44778,-1.08899,1.35901,0.693694,3038.45,1.57423,0.473067,0.0
6180.0,1.32082,0.675265,0.0,0.0,-3.8185,-1.84291,1.32082,0.675265,3034.25,1.31549,0.426108,0.0
6190.0,1.31432,0.674874,0.0,0.0,-0.650183,-0.0391183,1.31432,0.674874,3030.66,1.26616,0.703694,0.0
6200.0,1.28868,0.684751,0.0,0.0,-2.56424,0.987691,1.28868,0.684751,3027.09,1.31172,0.663223,0.0
6210.0,1.25581,0.725153,0.0,0.0,-3.28693,4.04026,1.25581,0.725153,3022.91,1.24917,0.858115,0.0
6220.0,1.21013,0.788721,0.0,0.0,-4.56767,6.35679,1.21013,0.788721,3016.29,1.18552,0.786938,0.0
6230.0,1.02634,0.991446,0.0,0.0,-18.3789,20.2724,1.02634,0.991446,3006.2,0.750361,1.33799,0.0
6240.0,0.886511,1.88352,0.0,0.0,-13.983,89.2076,0.886511,1.88352,2995.22,0.910664,2.89181,0.0
6250.0,0.893565,2.64877,0.0,0.0,0.705412,76.5252,0.893565,2.64877,2987.0,0.969152,2.68373,0.0
6260.0,0.894186,2.68298,0.0,0.0,0.0620631,3.4204,0.894186,2.68298,2982.51,0.692915,2.681,0.0
6270.0,0.893487,2.68308,0.0,0.0,-0.06989,0.0105421,0.893487,2.68308,2980.64,0.887552,2.57087,0.0
6280.0,0.877534,2.68376,0.0,0.0,-1.59524,0.0674791,0.877534,2.68376,2979.93,1.05195,2.77297,0.0
6290.0,0.875344,2.69688,0.0,0.0,-0.219017,1.31238,0.875344,2.69688,2979.54,0.605295,2.52824,0.0
6300.0,0.833808,2.70895,0.0,0.0,-4.15358,1.20717,0.833808,2.70895,2979.33,0.841501,2.90485,0.0
6310.0,0.832062,2.7269,0.0,0.0,-0.17459,1.79468,0.832062,2.7269,2979.27,0.63292,2.71381,0.0
6320.0,0.823232,2.7246,0.0,0.0,-0.882995,-0.230205,0.823232,2.7246,2979.35,0.763971,2.70555,0.0
6330.0,0.823236,2.73918,0.0,0.0,0.000338868,1.45856,0.823236,2.73918,2979.66,0.926752,2.84775,0.0
6340.0,0.823534,2.7504,0.0,0.0,0.029866,1.12118,0.823534,2.7504,2980.38,0.924901,2.60873,0.0
6350.0,0.82379,2.76464,0.0,0.0,0.0255588,1.42448,0.82379,2.76464,2982.26,0.767846,2.76586,0.0
6360.0,0.818289,2.76878,0.0,0.0,-0.550149,0.414114,0.818289,2.76878,2987.16,0.708307,2.78176,0.0
6370.0,0.752268,2.76578,0.0,0.0,-6.602,-0.300386,0.752268,2.76578,2995.56,0.795537,2.76517,0.0
6380.0,0.697697,2.766,0.0,0.0,-5.4572,0.0222448,0.697697,2.766,3004.11,0.636951,2.91794,0.0
6390.0,0.678538,2.7619,0.0,0.0,-1.91582,-0.409847,0.678538,2.7619,3009.74,0.656553,2.59441,0.0
6400.0,0.675643,2.68053,0.0,0.0,-0.289548,-8.13741,0.675643,2.68053,3013.68,0.661068,2.76475,0.0
6410.0,0.675815,2.62271,0.0,0.0,0.0171788,-5.78191,0.675815,2.62271,3018.08,0.848953,2.4862,0.0
6420.0,0.716605,2.62119,0.0,0.0,4.07907,-0.15194,0.716605,2.62119,3023.03,0.67482,2.5127,0.0
6430.0,0.765321,2.64666,0.0,0.0,4.87159,2.54732,0.765321,2.64666,3027.99,0.891345,2.64471,0.0
6440.0,0.784157,2.6179,0.0,0.0,1.88356,-2.87667,0.784157,2.6179,3032.99,0.801805,2.65939,0.0
6450.0,0.814128,2.622,0.0,0.0,2.99713,0.410446,0.814128,2.622,3038.2,0.770802,2.77453,0.0
6460.0,0.852997,2.62108,0.0,0.0,3.88685,-0.0917772,0.852997,2.62108,3044.25,0.87843,2.58639,0.0
6470.0,0.889744,2.60105,0.0,0.0,3.67473,-2.00293,0.889744,2.60105,3051.72,0.929039,2.61063,0.0
6480.0,0.891289,2.60017,0.0,0.0,0.154496,-0.0879486,0.891289,2.60017,3059.36,0.981988,2.55277,0.0
6490.0,0.875537,2.60961,0.0,0.0,-1.57521,0.943573,0.875537,2.60961,3065.09,0.878598,2.59267,0.0
6500.0,0.469164,2.90971,0.0,0.0,-40.6373,30.0103,0.469164,2.90971,3068.58,-0.682361,3.53942,0.0
6510.0,-0.670565,4.94695,0.0,0.0,-113.973,203.724,-0.670565,4.94695,3071.02,-1.59324,6.81596,0.0
6520.0,-1.50324,7.07504,0.0,0.0,-83.2677,212.809,-1.50324,7.07504,3074.29,-1.44431,8.02948,0.0
6530.0,-1.81474,8.20267,0.0,0.0,-31.1496,112.763,-1.81474,8.20267,3080.47,-2.03368,9.86685,0.0
6540.0,-2.06493,9.58504,0.0,0.0,-25.0196,138.237,-2.06493,9.58504,3089.5,-2.21705,10.8107,0.0
6550.0,-2.10517,10.2531,0.0,0.0,-4.02382,66.8071,-2.10517,10.2531,3098.67,-2.16488,10.3116,0.0
6560.0,-2.12753,10.2935,0.0,0.0,-2.23621,4.03892,-2.12753,10.2935,3106.28,-2.11677,10.2333,0.0
6570.0,-2.13956,10.3089,0.0,0.0,-1.20268,1.53902,-2.13956,10.3089,3113.5,-2.19452,10.2471,0.0
6580.0,-2.14032,10.3104,0.0,0.0,-0.0757017,0.148405,-2.14032,10.3104,3121.61,-1.9421,10.6386,0.0
6590.0,-2.14646,10.3303,0.0,0.0,-0.614517,1.99672,-2.14646,10.3303,3130.29,-2.50495,10.3681,0.0
6600.0,-2.14835,10.3542,0.0,0.0,-0.188915,2.38192,-2.14835,10.3542,3138.84,-2.13755,10.3528,0.0
6610.0,-2.16812,10.3552,0.0,0.0,-1.97635,0.10082,-2.16812,10.3552,3146.18,-2.29808,10.4011,0.0
6620.0,-2.23588,10.3543,0.0,0.0,-6.77663,-0.0918854,-2.23588,10.3543,3151.01,-2.14201,10.3575,0.0
6630.0,-2.24087,10.3315,0.0,0.0,-0.498788,-2.27552,-2.24087,10.3315,3153.47,-2.18042,10.2665,0.0
6640.0,-2.27508,10.2886,0.0,0.0,-3.42119,-4.28518,-2.27508,10.2886,3154.83,-2.34692,10.2239,0.0
6650.0,-2.22133,10.2868,0.0,0.0,5.37516,-0.185432,-2.22133,10.2868,3156.14,-2.34209,10.0826,0.0
6660.0,-2.21863,10.2868,0.0,0.0,0.269999,0.001857,-2.21863,10.2868,3157.49,-2.06108,10.2992,0.0
6670.0,-2.20972,10.2886,0.0,0.0,0.89103,0.175096,-2.20972,10.2886,3158.51,-2.17688,10.3267,0.0
6680.0,-2.14406,10.3228,0.0,0.0,6.56648,3.4277,-2.14406,10.3228,3159.04,-2.0545,10.2433,0.0
6690.0,-2.11221,10.4261,0.0,0.0,3.18433,10.3286,-2.11221,10.4261,3159.2,-2.1507,10.5319,0.0
6700.0,-2.08298,10.5261,0.0,0.0,2.9236,9.99911,-2.08298,10.5261,3159.06,-2.22797,10.5257,0.0
6710.0,-2.05464,10.5632,0.0,0.0,2.83359,3.71047,-2.05464,10.5632,3158.5,-2.05878,10.6054,0.0
6720.0,-2.00967,10.6074,0.0,0.0,4.49671,4.42004,-2.00967,10.6074,3157.13,-2.0355,10.5831,0.0
6730.0,-1.09595,10.8398,0.0,0.0,91.372,23.2347,-1.09595,10.8398,3154.42,-0.182674,11.4843,0.0
6740.0,0.270287,11.4059,0.0,0.0,136.624,56.6156,0.270287,11.4059,3150.36,1.70344,12.4754,0.0
6750.0,1.39788,11.903,0.0,0.0,112.759,49.7046,1.39788,11.903,3146.03,2.83922,12.0734,0.0
6760.0,2.14983,12.0723,0.0,0.0,75.1948,16.9346,2.14983,12.0723,3142.67,2.45492,12.3301,0.0
6770.0,2.35866,12.0816,0.0,0.0,20.8834,0.932036,2.35866,12.0816,3140.42,2.27517,12.1049,0.0
6780.0,2.47435,12.0996,0.0,0.0,11.5691,1.79571,2.47435,12.0996,3138.79,2.5045,12.0963,0.0
6790.0,2.52808,12.1341,0.0,0.0,5.37229,3.45422,2.52808,12.1341,3137.47,2.66415,11.9967,0.0
6800.0,2.52935,12.1007,0.0,0.0,0.127823,-3.34655,2.52935,12.1007,3136.85,2.60752,12.2577,0.0
6810.0,2.52747,12.0931,0.0,0.0,-0.188368,-0.759577,2.52747,12.0931,3137.48,2.58588,12.381,0.0
6820.0,2.48851,12.0892,0.0,0.0,-3.89623,-0.383736,2.48851,12.0892,3138.89,2.31133,12.0849,0.0
6830.0,2.47957,12.1027,0.0,0.0,-0.893602,1.34541,2.47957,12.1027,3140.69,2.42046,12.0881,0.0
6840.0,2.47898,12.1033,0.0,0.0,-0.0595823,0.0595755,2.47898,12.1033,3142.85,2.39446,12.3497,0.0
6850.0,2.47505,12.1046,0.0,0.0,-0.392494,0.131612,2.47505,12.1046,3145.32,2.65341,12.0611,0.0
6860.0,2.53042,12.1373,0.0,0.0,5.53717,3.27014,2.53042,12.1373,3147.68,2.69366,12.1493,0.0
6870.0,2.5609,12.1623,0.0,0.0,3.04756,2.50292,2.5609,12.1623,3148.97,2.52551,12.1667,0.0
6880.0,2.60314,12.1902,0.0,0.0,4.22464,2.78843,2.60314,12.1902,3148.74,2.54535,12.3729,0.0
6890.0,2.6484,12.2427,0.0,0.0,4.52592,5.24534,2.6484,12.2427,3147.23,2.62726,12.3319,0.0
6900.0,2.64083,12.319,0.0,0.0,-0.756909,7.63555,2.64083,12.319,3144.35,2.73374,12.2124,0.0
6910.0,2.64098,12.3448,0.0,0.0,0.014884,2.57529,2.64098,12.3448,3139.89,2.57873,12.3701,0.0
6920.0,2.63923,12.3457,0.0,0.0,-0.175219,0.0967346,2.63923,12.3457,3134.06,2.73272,12.426,0.0
6930.0,2.59477,12.3452,0.0,0.0,-4.44593,-0.0573046,2.59477,12.3452,3126.82,2.53897,12.3194,0.0
6940.0,2.50027,12.3418,0.0,0.0,-9.45022,-0.340898,2.50027,12.3418,3118.77,2.45823,12.4442,0.0
6950.0,2.46441,12.2896,0.0,0.0,-3.58554,-5.21332,2.46441,12.2896,3112.03,2.32883,12.1988,0.0
6960.0,2.46215,12.2528,0.0,0.0,-0.226373,-3.68416,2.46215,12.2528,3107.89,2.24643,12.1472,0.0
6970.0,2.46339,12.2503,0.0,0.0,0.123671,-0.252898,2.46339,12.2503,3104.81,2.47442,12.3952,0.0
6980.0,2.4945,12.2255,0.0,0.0,3.11105,-2.47923,2.4945,12.2255,3100.15,2.58821,12.2186,0.0
6990.0,2.58528,12.1755,0.0,0.0,9.07793,-5.00147,2.58528,12.1755,3093.13,2.56523,12.2704,0.0
7000.0,3.62544,11.9789,0.0,0.0,104.017,-19.6597,3.62544,11.9789,3085.46,6.57849,11.8567,0.0
7010.0,5.69514,10.9542,0.0,0.0,206.969,-102.468,5.69514,10.9542,3078.67,8.69768,10.1178,0.0
7020.0,6.99762,9.93297,0.0,0.0,130.248,-102.121,6.99762,9.93297,3072.68,7.16399,8.54255,0.0
7030.0,7.41793,9.56161,0.0,0.0,42.0316,-37.1354,7.41793,9.56161,3066.62,7.28833,9.36688,0.0
7040.0,7.64371,9.2715,0.0,0.0,22.5781,-29.011,7.64371,9.2715,3059.83,8.00997,9.41782,0.0
7050.0,7.8167,9.14275,0.0,0.0,17.2983,-12.8758,7.8167,9.14275,3052.78,7.9946,8.90681,0.0
7060.0,7.87248,9.07773,0.0,0.0,5.5781,-6.50162,7.87248,9.07773,3046.44,8.04615,8.79909,0.0
7070.0,7.8981,8.9927,0.0,0.0,2.56195,-8.50282,7.8981,8.9927,3040.89,8.0404,9.01966,0.0
7080.0,7.89508,8.989,0.0,0.0,-0.301467,-0.370136,7.89508,8.989,3034.97,7.73851,8.7936,0.0
7090.0,7.80302,8.99046,0.0,0.0,-9.20617,0.145579,7.80302,8.99046,3028.07,7.80035,8.95857,0.0
7100.0,7.80112,9.06022,0.0,0.0,-0.189752,6.97627,7.80112,9.06022,3021.89,7.79567,9.11356,0.0
7110.0,7.80123,9.03728,0.0,0.0,0.0106892,-2.29395,7.80123,9.03728,3018.28,7.65968,9.20507,0.0
7120.0,7.81956,9.03386,0.0,0.0,1.83279,-0.341721,7.81956,9.03386,3016.71,7.85189,9.18386,0.0
7130.0,7.81624,8.97022,0.0,0.0,-0.332246,-6.36402,7.81624,8.97022,3015.97,7.83,8.7666,0.0
7140.0,7.81243,8.86906,0.0,0.0,-0.380423,-10.1158,7.81243,8.86906,3015.62,7.88154,8.71512,0.0
7150.0,7.79519,8.86367,0.0,0.0,-1.72468,-0.539793,7.79519,8.86367,3015.62,7.76636,8.95166,0.0
7160.0,7.70608,8.84471,0.0,0.0,-8.91051,-1.89518,7.70608,8.84471,3015.96,7.6135,8.88984,0.0
7170.0,7.63176,8.84266,0.0,0.0,-7.43226,-0.205879,7.63176,8.84266,3016.85,7.68513,8.90369,0.0
7180.0,7.60157,8.83661,0.0,0.0,-3.0192,-0.60438,7.60157,8.83661,3018.9,7.48165,8.82457,0.0
7190.0,7.57549,8.70185,0.0,0.0,-2.60709,-13.4765,7.57549,8.70185,3023.09,7.56075,8.55192,0.0
7200.0,7.5023,8.44703,0.0,0.0,-7.31896,-25.482,7.5023,8.44703,3030.54,7.92507,8.4358,0.0
7210.0,6.54394,7.0132,0.0,0.0,-95.8367,-143.383,6.54394,7.0132,3043.68,3.96454,3.54007,0.0
7220.0,3.42251,1.24394,0.0,0.0,-312.143,-576.925,3.42251,1.24394,3064.61,1.04478,-3.38122,0.0
7230.0,0.79631,-4.67656,0.0,0.0,-262.62,-592.051,0.79631,-4.67656,3088.87,0.0663954,-6.30565,0.0
7240.0,0.22743,-6.40047,0.0,0.0,-56.888,-172.391,0.22743,-6.40047,3107.78,0.650722,-7.108,0.0
7250.0,0.0520937,-6.79025,0.0,0.0,-17.5336,-38.9782,0.0520937,-6.79025,3118.39,-0.00980657,-6.86956,0.0
7260.0,0.021499,-7.24216,0.0,0.0,-3.05947,-45.1908,0.021499,-7.24216,3123.74,0.00771682,-7.50892,0.0
7270.0,0.00153463,-7.61723,0.0,0.0,-1.99644,-37.5073,0.00153463,-7.61723,3127.36,0.119219,-8.19246,0.0
7280.0,-0.00476657,-7.7994,0.0,0.0,-0.63012,-18.2171,-0.00476657,-7.7994,3131.86,-0.0516412,-7.74025,0.0
7290.0,-0.0121472,-7.84239,0.0,0.0,-0.738067,-4.29845,-0.0121472,-7.84239,3139.11,-0.0256194,-8.17029,0.0
7300.0,-0.024139,-8.00962,0.0,0.0,-1.19917,-16.7232,-0.024139,-8.00962,3148.73,0.124114,-7.93857,0.0
7310.0,-0.0422484,-7.964,0.0,0.0,-1.81095,4.56185,-0.0422484,-7.964,3158.3,-0.0692926,-7.80175,0.0
7320.0,-0.0703804,-8.09435,0.0,0.0,-2.8132,-13.0351,-0.0703804,-8.09435,3167.73,-0.0722078,-8.19476,0.0
7330.0,-0.0716158,-8.10117,0.0,0.0,-0.123532,-0.681976,-0.0716158,-8.10117,3179.8,0.0297996,-8.16497,0.0
7340.0,-0.0723201,-8.12353,0.0,0.0,-0.0704357,-2.23595,-0.0723201,-8.12353,3194.98,-0.0739536,-7.92184,0.0
7350.0,-0.0718372,-8.12231,0.0,0.0,0.0482938,0.122081,-0.0718372,-8.12231,3210.89,0.021057,-8.15733,0.0
7360.0,-0.0602544,-8.07216,0.0,0.0,1.15828,5.01569,-0.0602544,-8.07216,3226.36,0.11319,-8.32557,0.0
7370.0,-0.0637601,-8.06984,0.0,0.0,-0.350565,0.23203,-0.0637601,-8.06984,3241.59,-0.148606,-8.02455,0.0
7380.0,-0.0975231,-8.06886,0.0,0.0,-3.37631,0.097771,-0.0975231,-8.06886,3255.42,-0.0456104,-8.04923,0.0
7390.0,-0.118519,-8.06977,0.0,0.0,-2.09961,-0.0910433,-0.118519,-8.06977,3266.48,-0.190127,-8.01642,0.0
7400.0,-0.124057,-8.10658,0.0,0.0,-0.553736,-3.68141,-0.124057,-8.10658,3276.33,-0.257209,-8.45052,0.0
7410.0,-0.147742,-8.1633,0.0,0.0,-2.36858,-5.67211,-0.147742,-8.1633,3289.79,-0.0871905,-8.02864,0.0
7420.0,-0.20804,-8.199,0.0,0.0,-6.02981,-3.56944,-0.20804,-8.199,3310.49,-0.101637,-8.30179,0.0
7430.0,-0.200866,-8.27749,0.0,0.0,0.71749,-7.84903,-0.200866,-8.27749,3335.21,-0.225252,-8.16261,0.0
7440.0,-0.180847,-8.28248,0.0,0.0,2.00189,-0.499474,-0.180847,-8.28248,3356.45,-0.311704,-8.32735,0.0
7450.0,-0.187424,-8.31763,0.0,0.0,-0.657704,-3.51502,-0.187424,-8.31763,3370.13,-0.176238,-8.3604,0.0
7460.0,-0.208291,-8.31857,0.0,0.0,-2.08668,-0.0935154,-0.208291,-8.31857,3376.99,-0.152886,-8.28922,0.0
7470.0,-0.224587,-8.31674,0.0,0.0,-1.62967,0.183256,-0.224587,-8.31674,3379.49,-0.199028,-8.3284,0.0
7480.0,-0.224193,-8.2826,0.0,0.0,0.0393922,3.41371,-0.224193,-8.2826,3379.83,-0.261231,-8.23578,0.0
7490.0,-0.22159,-8.19976,0.0,0.0,0.260319,8.28354,-0.22159,-8.19976,3378.81,-0.288609,-8.13491,0.0
7500.0,-0.19388,-8.12355,0.0,0.0,2.77104,7.62162,-0.19388,-8.12355,3376.16,-0.2884,-8.07078,0.0
7510.0,0.41632,-8.10769,0.0,0.0,61.02,1.58614,0.41632,-8.10769,3371.29,1.06517,-8.37852,0.0
7520.0,1.2172,-8.11331,0.0,0.0,80.0882,-0.56211,1.2172,-8.11331,3362.91,3.55444,-7.69118,0.0
7530.0,1.65827,-8.12463,0.0,0.0,44.1067,-1.13191,1.65827,-8.12463,3349.03,1.71594,-7.97905,0.0
7540.0,2.0269,-8.14755,0.0,0.0,36.8632,-2.29261,2.0269,-8.14755,3328.57,2.14018,-8.28233,0.0
7550.0,2.17916,-8.14964,0.0,0.0,15.2259,-0.208525,2.17916,-8.14964,3301.97,2.29076,-8.29156,0.0
7560.0,2.2167,-8.15045,0.0,0.0,3.75383,-0.0809748,2.2167,-8.15045,3272.01,2.29176,-8.16975,0.0
7570.0,2.22407,-8.15123,0.0,0.0,0.737159,-0.0786301,2.22407,-8.15123,3243.06,2.15709,-8.03437,0.0
7580.0,2.2457,-8.16512,0.0,0.0,2.16336,-1.38855,2.2457,-8.16512,3216.9,2.15521,-8.15672,0.0
7590.0,2.24779,-8.15481,0.0,0.0,0.208629,1.03115,2.24779,-8.15481,3191.44,2.27549,-8.00009,0.0
7600.0,2.26579,-8.15497,0.0,0.0,1.80024,-0.0161954,2.26579,-8.15497,3165.28,2.32253,-8.17605,0.0
7610.0,2.27478,-8.16078,0.0,0.0,0.899073,-0.580946,2.27478,-8.16078,3139.25,2.29715,-8.11657,0.0
7620.0,2.28083,-8.17935,0.0,0.0,0.605129,-1.85683,2.28083,-8.17935,3114.15,2.25688,-8.31065,0.0
7630.0,2.29109,-8.1798,0.0,0.0,1.02544,-0.045254,2.29109,-8.1798,3090.16,2.33746,-8.21255,0.0
7640.0,2.29425,-8.16727,0.0,0.0,0.315964,1.25282,2.29425,-8.16727,3068.31,2.26929,-7.99763,0.0
7650.0,2.34577,-8.18791,0.0,0.0,5.15213,-2.06401,2.34577,-8.18791,3051.31,2.43929,-8.16307,0.0
7660.0,2.34882,-8.16573,0.0,0.0,0.304839,2.21779,2.34882,-8.16573,3039.78,2.36683,-8.12797,0.0
7670.0,2.34866,-8.14642,0.0,0.0,-0.0159826,1.93098,2.34866,-8.14642,3030.15,2.42608,-8.19474,0.0
7680.0,2.32474,-8.14511,0.0,0.0,-2.39201,0.131098,2.32474,-8.14511,3019.45,2.26316,-8.09906,0.0
7690.0,2.20135,-8.14385,0.0,0.0,-12.3392,0.125973,2.20135,-8.14385,3008.06,2.06985,-7.99702,0.0
7700.0,2.1958,-8.14847,0.0,0.0,-0.554393,-0.461551,2.1958,-8.14847,2996.8,2.17598,-8.19336,0.0
7710.0,2.19616,-8.14379,0.0,0.0,0.0357235,0.467538,2.19616,-8.14379,2986.24,2.08331,-8.13087,0.0
7720.0,2.20644,-8.14054,0.0,0.0,1.02798,0.3252,2.20644,-8.14054,2978.03,2.40844,-8.15909,0.0
7730.0,2.34134,-8.06597,0.0,0.0,13.49,7.45686,2.34134,-8.06597,2973.49,2.56511,-7.98924,0.0
7740.0,2.44431,-7.99686,0.0,0.0,10.2967,6.91103,2.44431,-7.99686,2971.88,2.28375,-7.78202,0.0
7750.0,2.49699,-7.99509,0.0,0.0,5.26865,0.177058,2.49699,-7.99509,2971.68,2.4828,-7.87401,0.0
7760.0,2.51543,-7.99826,0.0,0.0,1.84344,-0.316607,2.51543,-7.99826,2972.01,2.55698,-8.00391,0.0
7770.0,2.49673,-8.06261,0.0,0.0,-1.87013,-6.43563,2.49673,-8.06261,2972.26,2.47064,-8.12579,0.0
7780.0,2.51195,-8.12264,0.0,0.0,1.52201,-6.00229,2.51195,-8.12264,2971.94,2.55601,-8.12455,0.0
7790.0,2.5104,-8.1251,0.0,0.0,-0.154414,-0.24648,2.5104,-8.1251,2971.38,2.37297,-8.18514,0.0
7800.0,2.45647,-8.12387,0.0,0.0,-5.3936,0.122702,2.45647,-8.12387,2971.02,2.52684,-8.18971,0.0
7810.0,2.39253,-8.12343,0.0,0.0,-6.3932,0.044572,2.39253,-8.12343,2970.71,2.3866,-7.99529,0.0
7820.0,2.37902,-8.1256,0.0,0.0,-1.35182,-0.217211,2.37902,-8.1256,2969.93,2.29336,-8.08263,0.0
7830.0,2.38976,-8.12596,0.0,0.0,1.07426,-0.0362804,2.38976,-8.12596,2968.48,2.42027,-8.16772,0.0
7840.0,2.39103,-8.12675,0.0,0.0,0.127018,-0.078396,2.39103,-8.12675,2966.84,2.36577,-8.33042,0.0
7850.0,2.4095,-8.14434,0.0,0.0,1.84712,-1.7594,2.4095,-8.14434,2965.68,2.4236,-7.87124,0.0
7860.0,2.42906,-8.14556,0.0,0.0,1.95583,-0.121741,2.42906,-8.14556,2965.09,2.46706,-8.16512,0.0
7870.0,2.44225,-8.14498,0.0,0.0,1.31959,0.0577083,2.44225,-8.14498,2964.76,2.39597,-8.41909,0.0
7880.0,2.45076,-8.12492,0.0,0.0,0.850591,2.00654,2.45076,-8.12492,2964.41,2.51299,-8.00336,0.0
7890.0,2.46342,-8.12298,0.0,0.0,1.26647,0.193507,2.46342,-8.12298,2963.5,2.45053,-7.95129,0.0
7900.0,2.49764,-8.10288,0.0,0.0,3.42159,2.01058,2.49764,-8.10288,2961.24,2.5668,-7.92658,0.0
7910.0,2.54654,-8.10379,0.0,0.0,4.89026,-0.0910875,2.54654,-8.10379,2956.83,2.51016,-8.16521,0.0
7920.0,2.54807,-8.12033,0.0,0.0,0.152543,-1.65414,2.54807,-8.12033,2949.91,2.60414,-8.12196,0.0
7930.0,2.54632,-8.14378,0.0,0.0,-0.175297,-2.34487,2.54632,-8.14378,2941.09,2.71242,-8.26359,0.0
7940.0,2.52324,-8.1775,0.0,0.0,-2.3076,-3.37272,2.52324,-8.1775,2931.69,2.46154,-8.1163,0.0
7950.0,2.51495,-8.22306,0.0,0.0,-0.828768,-4.55573,2.51495,-8.22306,2923.06,2.51224,-8.07806,0.0
7960.0,2.51359,-8.25542,0.0,0.0,-0.13606,-3.23553,2.51359,-8.25542,2916.31,2.50734,-8.3528,0.0
7970.0,2.51436,-8.26007,0.0,0.0,0.0765607,-0.465267,2.51436,-8.26007,2911.76,2.52606,-8.27821,0.0
7980.0,2.53604,-8.26073,0.0,0.0,2.16834,-0.0658702,2.53604,-8.26073,2908.75,2.80004,-8.26099,0.0
7990.0,2.55364,-8.26071,0.0,0.0,1.76043,0.00188904,2.55364,-8.26071,2906.71,2.64131,-8.28186,0.0
8000.0,2.59549,-8.25179,0.0,0.0,4.18434,0.891787,2.59549,-8.25179,2905.56,2.39387,-8.00614,0.0
8010.0,2.63761,-8.25284,0.0,0.0,4.21252,-0.104976,2.63761,-8.25284,2905.19,2.46663,-8.24344,0.0
8020.0,2.64911,-8.26485,0.0,0.0,1.14954,-1.20132,2.64911,-8.26485,2905.19,2.64185,-8.09592,0.0
8030.0,2.95261,-8.31132,0.0,0.0,30.35,-4.64673,2.95261,-8.31132,2905.26,3.64628,-8.38376,0.0
8040.0,4.70492,-9.06017,0.0,0.0,175.231,-74.8852,4.70492,-9.06017,2905.36,8.36047,-11.0655,0.0
8050.0,6.43326,-10.5138,0.0,0.0,172.834,-145.363,6.43326,-10.5138,2905.44,6.43619,-12.2657,0.0
8060.0,6.69296,-11.3947,0.0,0.0,25.9691,-88.091,6.69296,-11.3947,2905.45,5.89778,-11.9475,0.0
8070.0,6.75232,-11.7085,0.0,0.0,5.93671,-31.3741,6.75232,-11.7085,2905.47,6.98992,-11.3408,0.0
8080.0,6.73067,-11.9123,0.0,0.0,-2.16516,-20.387,6.73067,-11.9123,2905.61,6.82056,-11.9289,0.0
8090.0,6.72845,-11.9323,0.0,0.0,-0.221625,-2.00146,6.72845,-11.9323,2906.05,6.47609,-11.908,0.0
8100.0,6.71316,-11.9209,0.0,0.0,-1.52966,1.1423,6.71316,-11.9209,2906.92,6.74254,-12.1239,0.0
8110.0,6.71016,-11.9325,0.0,0.0,-0.29965,-1.15695,6.71016,-11.9325,2908.35,6.6724,-11.9651,0.0
8120.0,6.70989,-11.9329,0.0,0.0,-0.0273799,-0.0455607,6.70989,-11.9329,2910.59,6.57477,-11.9133,0.0
8130.0,6.70602,-11.9303,0.0,0.0,-0.386593,0.259139,6.70602,-11.9303,2913.87,6.74442,-11.9811,0.0
8140.0,6.70812,-11.9107,0.0,0.0,0.209862,1.96576,6.70812,-11.9107,2918.76,6.61278,-11.8512,0.0
8150.0,6.74249,-11.9017,0.0,0.0,3.43675,0.895883,6.74249,-11.9017,2925.54,6.73136,-11.8781,0.0
8160.0,6.75803,-11.9017,0.0,0.0,1.55424,0.00600291,6.75803,-11.9017,2933.42,6.86706,-11.9077,0.0
8170.0,6.77062,-11.9021,0.0,0.0,1.25935,-0.0434953,6.77062,-11.9021,2941.49,6.81779,-11.8886,0.0
8180.0,6.77098,-11.9064,0.0,0.0,0.035333,-0.425892,6.77098,-11.9064,2949.63,6.76753,-11.9255,0.0
8190.0,6.77036,-11.9192,0.0,0.0,-0.0616799,-1.2857,6.77036,-11.9192,2958.57,6.84354,-11.8873,0.0
8200.0,6.7647,-12.0028,0.0,0.0,-0.565887,-8.35428,6.7647,-12.0028,2968.67,6.74296,-12.0815,0.0
8210.0,6.75746,-12.0657,0.0,0.0,-0.724022,-6.29725,6.75746,-12.0657,2978.03,6.5029,-12.2175,0.0
8220.0,6.74576,-12.091,0.0,0.0,-1.17027,-2.53113,6.74576,-12.091,2984.53,6.76036,-12.1216,0.0
8230.0,6.56783,-12.1008,0.0,0.0,-17.793,-0.979519,6.56783,-12.1008,2989.37,6.44207,-12.046,0.0
8240.0,5.73652,-12.0814,0.0,0.0,-83.1312,1.946,5.73652,-12.0814,2996.04,3.21356,-12.0766,0.0
8250.0,4.54153,-12.0247,0.0,0.0,-119.499,5.66575,4.54153,-12.0247,3006.6,3.67311,-12.2435,0.0
8260.0,3.85438,-11.9779,0.0,0.0,-68.7142,4.68455,3.85438,-11.9779,3020.14,3.9826,-11.788,0.0
8270.0,3.68941,-11.9694,0.0,0.0,-16.4969,0.851819,3.68941,-11.9694,3034.71,3.69025,-11.9593,0.0
8280.0,3.60404,-11.9669,0.0,0.0,-8.53701,0.24877,3.60404,-11.9669,3049.59,3.37059,-11.9656,0.0
8290.0,3.45747,-11.9665,0.0,0.0,-14.6577,0.0328102,3.45747,-11.9665,3064.71,3.36546,-11.9596,0.0
8300.0,3.38378,-12.0545,0.0,0.0,-7.36903,-8.8001,3.38378,-12.0545,3079.0,3.34015,-12.1789,0.0
8310.0,3.37702,-12.158,0.0,0.0,-0.67556,-10.3497,3.37702,-12.158,3090.08,3.64179,-12.152,0.0
8320.0,3.38103,-12.1669,0.0,0.0,0.400765,-0.88241,3.38103,-12.1669,3096.95,3.37836,-12.2898,0.0
8330.0,3.48388,-12.1693,0.0,0.0,10.2852,-0.240494,3.48388,-12.1693,3101.19,3.70976,-12.254,0.0
8340.0,3.58173,-12.1559,0.0,0.0,9.78463,1.3363,3.58173,-12.1559,3104.16,3.53837,-12.1585,0.0
8350.0,3.5857,-12.159,0.0,0.0,0.396692,-0.310843,3.5857,-12.159,3105.87,3.64023,-11.9709,0.0
8360.0,3.5836,-12.1591,0.0,0.0,-0.209599,-0.0104049,3.5836,-12.1591,3106.5,3.27873,-12.1139,0.0
8370.0,3.53224,-12.1581,0.0,0.0,-5.13595,0.101384,3.53224,-12.1581,3106.57,3.70121,-12.1976,0.0
8380.0,3.44321,-12.1661,0.0,0.0,-8.90252,-0.795309,3.44321,-12.1661,3106.36,3.32221,-12.3916,0.0
8390.0,3.4219,-12.1794,0.0,0.0,-2.13147,-1.33211,3.4219,-12.1794,3105.91,3.36324,-12.1944,0.0
8400.0,3.40239,-12.1864,0.0,0.0,-1.9509,-0.703348,3.40239,-12.1864,3105.05,3.43225,-12.177,0.0
8410.0,3.40027,-12.1912,0.0,0.0,-0.212304,-0.477071,3.40027,-12.1912,3103.22,3.44586,-12.1833,0.0
8420.0,3.4004,-12.1864,0.0,0.0,0.0134325,0.482748,3.4004,-12.1864,3099.9,3.40536,-12.1911,0.0
8430.0,3.40085,-12.1788,0.0,0.0,0.0444247,0.751425,3.40085,-12.1788,3095.46,3.39922,-12.2232,0.0
8440.0,3.40492,-12.1663,0.0,0.0,0.407198,1.25676,3.40492,-12.1663,3090.6,3.33767,-12.0208,0.0
8450.0,3.40565,-12.1512,0.0,0.0,0.0730732,1.50372,3.40565,-12.1512,3085.57,3.34324,-12.0978,0.0
8460.0,3.4061,-12.1477,0.0,0.0,0.0449895,0.352169,3.4061,-12.1477,3080.69,3.48285,-12.209,0.0
8470.0,3.41365,-12.1382,0.0,0.0,0.754729,0.947733,3.41365,-12.1382,3076.28,3.36033,-12.2005,0.0
8480.0,3.41387,-12.1407,0.0,0.0,0.0221247,-0.248103,3.41387,-12.1407,3072.76,3.45348,-12.1005,0.0
8490.0,3.41301,-12.1507,0.0,0.0,-0.0853425,-0.997129,3.41301,-12.1507,3070.56,3.44429,-12.1307,0.0
8500.0,3.3884,-12.1581,0.0,0.0,-2.46167,-0.742253,3.3884,-12.1581,3069.03,3.3951,-12.1908,0.0
8510.0,2.98867,-12.2239,0.0,0.0,-39.9731,-6.57634,2.98867,-12.2239,3067.51,2.06478,-12.3927,0.0
8520.0,0.769674,-12.2223,0.0,0.0,-221.899,0.157216,0.769674,-12.2223,3066.31,-4.01553,-12.292,0.0
8530.0,-3.90036,-12.0435,0.0,0.0,-467.003,17.8768,-3.90036,-12.0435,3065.88,-7.47594,-12.3238,0.0
8540.0,-7.0544,-11.9252,0.0,0.0,-315.404,11.8365,-7.0544,-11.9252,3066.4,-7.41512,-11.8683,0.0
8550.0,-7.43671,-11.989,0.0,0.0,-38.2313,-6.38252,-7.43671,-11.989,3067.64,-6.92125,-11.6744,0.0
8560.0,-7.56291,-11.9361,0.0,0.0,-12.6201,5.28624,-7.56291,-11.9361,3069.22,-8.01325,-11.9625,0.0
8570.0,-7.72798,-11.914,0.0,0.0,-16.5063,2.21545,-7.72798,-11.914,3070.58,-7.89753,-12.0811,0.0
8580.0,-7.77239,-11.9231,0.0,0.0,-4.44155,-0.907437,-7.77239,-11.9231,3071.29,-7.73136,-11.9364,0.0
8590.0,-7.87028,-11.924,0.0,0.0,-9.78855,-0.0917183,-7.87028,-11.924,3071.5,-8.00198,-11.8964,0.0
8600.0,-7.92168,-11.9215,0.0,0.0,-5.1405,0.251947,-7.92168,-11.9215,3071.56,-7.73107,-12.0791,0.0
8610.0,-7.93885,-11.92,0.0,0.0,-1.71624,0.144008,-7.93885,-11.92,3071.79,-7.93262,-11.9322,0.0
8620.0,-7.93921,-11.9082,0.0,0.0,-0.0367253,1.18462,-7.93921,-11.9082,3072.69,-7.89057,-11.7361,0.0
8630.0,-7.9397,-11.9044,0.0,0.0,-0.0487482,0.37471,-7.9397,-11.9044,3074.87,-8.01385,-11.9519,0.0
8640.0,-7.95493,-11.8894,0.0,0.0,-1.52346,1.50252,-7.95493,-11.8894,3078.24,-7.96026,-11.8859,0.0
8650.0,-8.01216,-11.8661,0.0,0.0,-5.7227,2.32623,-8.01216,-11.8661,3081.72,-8.13515,-11.8834,0.0
8660.0,-8.09004,-11.8611,0.0,0.0,-7.78783,0.507788,-8.09004,-11.8611,3084.5,-8.11127,-11.7652,0.0
8670.0,-8.12316,-11.8574,0.0,0.0,-3.31235,0.365271,-8.12316,-11.8574,3087.33,-8.20897,-11.8012,0.0
8680.0,-8.16289,-11.813,0.0,0.0,-3.97213,4.43731,-8.16289,-11.813,3091.91,-8.11677,-11.6707,0.0
8690.0,-8.19415,-11.8101,0.0,0.0,-3.12658,0.294333,-8.19415,-11.8101,3098.41,-8.26789,-11.9982,0.0
8700.0,-8.19469,-11.823,0.0,0.0,-0.0536926,-1.29411,-8.19469,-11.823,3104.57,-8.20161,-11.733,0.0
8710.0,-8.17002,-11.803,0.0,0.0,2.46684,2.00646,-8.17002,-11.803,3108.68,-8.18359,-11.6565,0.0
8720.0,-8.18114,-11.7967,0.0,0.0,-1.11218,0.624153,-8.18114,-11.7967,3111.16,-8.12645,-12.0239,0.0
8730.0,-8.16066,-11.6887,0.0,0.0,2.04765,10.8061,-8.16066,-11.6887,3112.33,-8.07188,-11.4435,0.0
8740.0,-8.13391,-11.6168,0.0,0.0,2.67505,7.19078,-8.13391,-11.6168,3112.18,-8.1718,-11.5501,0.0
8750.0,-8.11632,-11.4544,0.0,0.0,1.75899,16.2392,-8.11632,-11.4544,3111.48,-8.05154,-11.6443,0.0
8760.0,-8.07608,-9.71902,0.0,0.0,4.02408,173.534,-8.07608,-9.71902,3110.74,-8.07667,-8.14435,0.0
8770.0,-7.99066,-5.90314,0.0,0.0,8.54208,381.589,-7.99066,-5.90314,3110.15,-7.90546,-3.58082,0.0
8780.0,-7.9226,-2.51404,0.0,0.0,6.80611,338.909,-7.9226,-2.51404,3110.27,-7.53195,-1.3589,0.0
8790.0,-7.91298,-0.264976,0.0,0.0,0.962174,224.907,-7.91298,-0.264976,3111.39,-7.92607,0.923653,0.0
8800.0,-7.92561,0.871097,0.0,0.0,-1.26291,113.607,-7.92561,0.871097,3113.46,-7.92607,0.923653,0.0
8810.0,-7.92505,0.97987,0.0,0.0,0.0558488,10.8773,-7.92505,0.97987,3117.61,-6.7057,0.860731,2.0
8820.0,-7.89673,2.38127,0.0,0.0,2.83248,140.14,-7.89673,2.38127,3126.02,-7.90137,7.40412,0.0
8830.0,-7.77376,5.09098,0.0,0.0,12.2968,270.97,-7.77376,5.09098,3138.9,-7.4933,6.52476,0.0
8840.0,-7.7459,6.58301,0.0,0.0,2.78559,149.203,-7.7459,6.58301,3151.96,-7.45644,6.95099,0.0
8850.0,-7.74124,6.64708,0.0,0.0,0.466115,6.40727,-7.74124,6.64708,3160.47,-7.83225,6.56433,0.0
8860.0,-7.70629,6.72668,0.0,0.0,3.4947,7.95971,-7.70629,6.72668,3165.42,-7.93204,6.72787,0.0
8870.0,-7.76172,6.67075,0.0,0.0,-5.54247,-5.59216,-7.76172,6.67075,3170.16,-7.82755,6.44047,0.0
8880.0,-7.76502,6.61835,0.0,0.0,-0.330537,-5.24066,-7.76502,6.61835,3175.44,-7.74419,6.75089,0.0
8890.0,-7.76287,6.61586,0.0,0.0,0.215465,-0.249206,-7.76287,6.61586,3181.44,-7.81813,6.80725,0.0
8900.0,-7.71024,6.60924,0.0,0.0,5.26264,-0.661555,-7.71024,6.60924,3189.75,-7.60598,6.47799,0.0
8910.0,-7.64313,6.61361,0.0,0.0,6.71082,0.437372,-7.64313,6.61361,3200.47,-7.47605,6.43429,0.0
8920.0,-7.59993,6.61685,0.0,0.0,4.32016,0.323625,-7.59993,6.61685,3211.19,-7.42006,6.71938,0.0
8930.0,-7.5861,6.70552,0.0,0.0,1.38303,8.86708,-7.5861,6.70552,3219.69,-7.60468,6.88867,0.0
8940.0,-7.56109,6.77556,0.0,0.0,2.5012,7.00433,-7.56109,6.77556,3226.22,-7.71583,6.87977,0.0
8950.0,-7.5472,6.78118,0.0,0.0,1.389,0.561395,-7.5472,6.78118,3232.5,-7.56291,6.87938,0.0
8960.0,-7.56385,6.83506,0.0,0.0,-1.66467,5.38772,-7.56385,6.83506,3238.91,-7.39773,6.50308,0.0
8970.0,-7.54263,6.81591,0.0,0.0,2.12153,-1.91477,-7.54263,6.81591,3244.11,-7.44999,6.63594,0.0
8980.0,-7.52275,6.75678,0.0,0.0,1.98807,-5.91287,-7.52275,6.75678,3247.84,-7.54449,6.97008,0.0
8990.0,-7.50384,6.68486,0.0,0.0,1.8916,-7.1916,-7.50384,6.68486,3251.39,-7.54386,6.46022,0.0
9000.0,-7.49521,6.67296,0.0,0.0,0.862227,-1.18993,-7.49521,6.67296,3256.17,-7.39499,6.5614,0.0
9010.0,-7.51369,6.67292,0.0,0.0,-1.84758,-0.00479845,-7.51369,6.67292,3263.2,-7.57325,6.65384,0.0
9020.0,-7.51452,6.67565,0.0,0.0,-0.0833617,0.273548,-7.51452,6.67565,3272.3,-7.43585,6.73626,0.0
9030.0,-7.51584,6.7378,0.0,0.0,-0.131306,6.21461,-7.51584,6.7378,3281.54,-7.54674,6.74869,0.0
9040.0,-7.54356,6.74658,0.0,0.0,-2.77275,0.878292,-7.54356,6.74658,3289.03,-7.53694,6.72053,0.0
9050.0,-7.55812,6.76449,0.0,0.0,-1.4559,1.79116,-7.55812,6.76449,3294.59,-7.77763,6.86053,0.0
9060.0,-7.58272,6.76636,0.0,0.0,-2.45979,0.187268,-7.58272,6.76636,3298.44,-7.77806,6.83399,0.0
9070.0,-7.59028,6.78154,0.0,0.0,-0.756261,1.51754,-7.59028,6.78154,3300.67,-7.56928,6.73345,0.0
9080.0,-7.58999,6.78112,0.0,0.0,0.0290333,-0.0417015,-7.58999,6.78112,3302.22,-7.60098,6.59364,0.0
9090.0,-7.57606,6.75646,0.0,0.0,1.39295,-2.46627,-7.57606,6.75646,3304.08,-7.60802,6.87545,0.0
9100.0,-7.53298,6.75648,0.0,0.0,4.30849,0.00243689,-7.53298,6.75648,3305.96,-7.49428,6.465,0.0
9110.0,-6.89335,6.81128,0.0,0.0,63.9627,5.47974,-6.89335,6.81128,3306.76,-6.36813,6.56203,0.0
9120.0,-4.74653,7.33701,0.0,0.0,214.682,52.573,-4.74653,7.33701,3306.02,-0.181283,7.81105,0.0
9130.0,-0.773162,7.94695,0.0,0.0,397.337,60.9934,-0.773162,7.94695,3304.39,1.83968,8.6356,0.0
9140.0,2.19173,8.25903,0.0,0.0,296.489,31.2089,2.19173,8.25903,3302.71,3.71655,8.42754,0.0
9150.0,2.93626,8.37787,0.0,0.0,74.4526,11.8834,2.93626,8.37787,3300.69,2.52646,8.56361,0.0
9160.0,3.18579,8.38414,0.0,0.0,24.9539,0.627637,3.18579,8.38414,3297.6,2.96505,8.20349,0.0
9170.0,3.30292,8.38155,0.0,0.0,11.7129,-0.259774,3.30292,8.38155,3293.37,3.47088,8.42791,0.0
9180.0,3.30748,8.3024,0.0,0.0,0.455368,-7.91501,3.30748,8.3024,3287.9,3.34977,8.26549,0.0
9190.0,3.35421,8.29927,0.0,0.0,4.67329,-0.312684,3.35421,8.29927,3281.43,3.43432,8.23962,0.0
9200.0,3.40673,8.30082,0.0,0.0,5.25243,0.155016,3.40673,8.30082,3274.98,3.51986,8.20074,0.0
9210.0,3.43118,8.32931,0.0,0.0,2.44419,2.84942,3.43118,8.32931,3268.93,3.31882,8.4532,0.0
9220.0,3.47832,8.38002,0.0,0.0,4.7148,5.07038,3.47832,8.38002,3261.33,3.42641,8.43574,0.0
9230.0,3.51964,8.38404,0.0,0.0,4.13168,0.402596,3.51964,8.38404,3248.75,3.5825,8.25814,0.0
9240.0,3.51174,8.41887,0.0,0.0,-0.790472,3.48285,3.51174,8.41887,3230.63,3.51861,8.37238,0.0
9250.0,3.52819,8.42037,0.0,0.0,1.6458,0.150146,3.52819,8.42037,3211.44,3.40762,8.34788,0.0
9260.0,3.54423,8.41769,0.0,0.0,1.60394,-0.26859,3.54423,8.41769,3196.27,3.59143,8.45203,0.0
9270.0,3.54652,8.43933,0.0,0.0,0.229146,2.16377,3.54652,8.43933,3185.49,3.48402,8.47524,0.0
9280.0,3.56969,8.44486,0.0,0.0,2.31703,0.55342,3.56969,8.44486,3176.39,3.83193,8.43095,0.0
9290.0,3.56428,8.44893,0.0,0.0,-0.541347,0.406697,3.56428,8.44893,3167.87,3.59438,8.67804,0.0
9300.0,3.59149,8.44291,0.0,0.0,2.72088,-0.601367,3.59149,8.44291,3160.45,3.62414,8.4147,0.0
9310.0,3.60118,8.443,0.0,0.0,0.968823,0.00904826,3.60118,8.443,3154.13,3.40799,8.44572,0.0
9320.0,3.67367,8.45859,0.0,0.0,7.24885,1.55903,3.67367,8.45859,3148.22,3.56736,8.40507,0.0
9330.0,5.39108,8.69461,0.0,0.0,171.741,23.6021,5.39108,8.69461,3141.7,8.17835,8.92814,0.0
9340.0,7.3525,9.38668,0.0,0.0,196.142,69.2069,7.3525,9.38668,3133.41,8.811,10.1807,0.0
9350.0,7.78814,9.8477,0.0,0.0,43.5639,46.102,7.78814,9.8477,3124.05,7.17651,9.91322,0.0
9360.0,7.94806,9.86949,0.0,0.0,15.992,2.17883,7.94806,9.86949,3116.23,7.89862,9.75095,0.0
9370.0,7.95907,9.86971,0.0,0.0,1.10163,0.0218577,7.95907,9.86971,3111.41,8.1103,9.85326,0.0
9380.0,8.06799,9.87021,0.0,0.0,10.8912,0.0495034,8.06799,9.87021,3109.07,8.22065,9.76843,0.0
9390.0,8.13782,9.83332,0.0,0.0,6.98347,-3.68835,8.13782,9.83332,3108.22,8.1509,9.73946,0.0
9400.0,8.14501,9.82133,0.0,0.0,0.718909,-1.19953,8.14501,9.82133,3108.2,8.15148,10.0498,0.0
9410.0,8.14415,9.78699,0.0,0.0,-0.0856031,-3.43384,8.14415,9.78699,3108.97,8.13487,9.70142,0.0
9420.0,8.14379,9.77521,0.0,0.0,-0.0363959,-1.17799,8.14379,9.77521,3110.87,8.18863,9.92638,0.0
9430.0,8.14237,9.72929,0.0,0.0,-0.141902,-4.59151,8.14237,9.72929,3113.96,7.87208,9.73787,0.0
9440.0,8.14097,9.70902,0.0,0.0,-0.139919,-2.02705,8.14097,9.70902,3117.83,8.09649,9.71227,0.0
9450.0,8.1231,9.72695,0.0,0.0,-1.78709,1.79246,8.1231,9.72695,3121.97,8.21989,9.49741,0.0
9460.0,8.10322,9.7279,0.0,0.0,-1.98806,0.0954041,8.10322,9.7279,3126.44,8.22923,9.68249,0.0
9470.0,8.10158,9.74271,0.0,0.0,-0.163825,1.48084,8.10158,9.74271,3131.73,8.11513,9.96597,0.0
9480.0,8.07536,9.81837,0.0,0.0,-2.62213,7.56634,8.07536,9.81837,3138.14,7.99095,9.85282,0.0
9490.0,8.07491,9.84442,0.0,0.0,-0.0451853,2.60467,8.07491,9.84442,3145.71,8.09043,9.98287,0.0
9500.0,8.07524,9.84543,0.0,0.0,0.0331008,0.10075,8.07524,9.84543,3153.63,7.905,9.87094,0.0
9510.0,8.08375,9.84249,0.0,0.0,0.85118,-0.293476,8.08375,9.84249,3160.63,8.12362,9.75972,0.0
9520.0,8.12368,9.76974,0.0,0.0,3.99311,-7.27499,8.12368,9.76974,3165.71,8.121,9.67502,0.0
9530.0,8.16013,9.69998,0.0,0.0,3.64511,-6.97599,8.16013,9.69998,3168.49,8.19809,9.72299,0.0
9540.0,8.2106,9.65281,0.0,0.0,5.04706,-4.71748,8.2106,9.65281,3169.63,8.21928,9.52113,0.0
9550.0,8.2806,9.60933,0.0,0.0,6.99923,-4.34785,8.2806,9.60933,3170.41,8.38487,9.74128,0.0
9560.0,8.28511,9.57644,0.0,0.0,0.450922,-3.28945,8.28511,9.57644,3171.83,8.30744,9.53594,0.0
9570.0,8.34244,9.57599,0.0,0.0,5.73323,-0.0445281,8.34244,9.57599,3174.12,8.52989,9.59273,0.0
9580.0,8.36187,9.57586,0.0,0.0,1.94343,-0.0133114,8.36187,9.57586,3176.67,8.19762,9.83857,0.0
9590.0,8.37649,9.56447,0.0,0.0,1.46194,-1.13889,8.37649,9.56447,3178.75,8.36057,9.53846,0.0
9600.0,8.37721,9.56308,0.0,0.0,0.0714952,-0.138381,8.37721,9.56308,3180.36,8.46017,9.59034,0.0
9610.0,8.37945,9.539,0.0,0.0,0.224559,-2.40799,8.37945,9.539,3181.96,8.61491,9.52521,0.0
9620.0,8.37542,9.44448,0.0,0.0,-0.402691,-9.45282,8.37542,9.44448,3183.91,8.25802,9.36401,0.0
9630.0,8.34529,9.37488,0.0,0.0,-3.01365,-6.95984,8.34529,9.37488,3186.34,8.36111,9.29626,0.0
9640.0,8.33353,9.37179,0.0,0.0,-1.17548,-0.30889,8.33353,9.37179,3188.6,8.32024,9.21064,0.0
9650.0,8.29528,9.3733,0.0,0.0,-3.82559,0.150753,8.29528,9.3733,3189.87,8.4716,9.38083,0.0
9660.0,8.29325,9.42735,0.0,0.0,-0.202663,5.40496,8.29325,9.42735,3190.25,8.20452,9.56731,0.0
9670.0,8.24747,9.48957,0.0,0.0,-4.57785,6.22263,8.24747,9.48957,3190.22,8.05126,9.64704,0.0
9680.0,8.21735,9.49947,0.0,0.0,-3.01222,0.989331,8.21735,9.49947,3189.98,8.09224,9.47265,0.0
9690.0,8.19614,9.50783,0.0,0.0,-2.12112,0.836683,8.19614,9.50783,3189.63,8.22831,9.50775,0.0
9700.0,8.19526,9.50819,0.0,0.0,-0.0879431,0.0354274,8.19526,9.50819,3189.51,8.22997,9.47437,0.0
9710.0,8.19526,9.50819,0.0,0.0,-7.45833e-06,3.00467e-06,8.19526,9.50819,3189.96,8.18844,9.64394,0.0
9720.0,8.19374,9.50783,0.0,0.0,-0.152372,-0.0357415,8.19374,9.50783,3191.45,8.36568,9.51483,0.0
9730.0,8.15436,9.49778,0.0,0.0,-3.93758,-1.00529,8.15436,9.49778,3195.34,8.08368,9.67622,0.0
9740.0,7.94514,9.38154,0.0,0.0,-20.9218,-11.6234,7.94514,9.38154,3205.16,7.94777,9.28445,0.0
9750.0,5.50299,7.6118,0.0,0.0,-244.215,-176.974,5.50299,7.6118,3225.88,3.11301,5.96878,0.0
9760.0,2.28746,4.47709,0.0,0.0,-321.553,-313.471,2.28746,4.47709,3256.4,1.24326,1.94136,0.0
9770.0,1.29291,2.76428,0.0,0.0,-99.4554,-171.282,1.29291,2.76428,3285.64,1.19291,1.26566,0.0
9780.0,1.23123,2.47279,0.0,0.0,-6.16835,-29.1486,1.23123,2.47279,3304.64,1.665,2.8663,0.0
9790.0,1.14378,2.24719,0.0,0.0,-8.74409,-22.5601,1.14378,2.24719,3314.82,0.702468,2.54481,0.0
9800.0,1.02981,2.22599,0.0,0.0,-11.3977,-2.1201,1.02981,2.22599,3320.95,0.893552,1.23289,0.0
9810.0,0.948537,1.93341,0.0,0.0,-8.12698,-29.2584,0.948537,1.93341,3325.48,0.385564,1.60539,0.0
9820.0,0.940557,1.75403,0.0,0.0,-0.798016,-17.9375,0.940557,1.75403,3330.19,0.972345,1.70959,0.0
9830.0,0.938704,1.72901,0.0,0.0,-0.18531,-2.50209,0.938704,1.72901,3336.86,0.743457,1.78695,0.0
9840.0,0.961757,1.72892,0.0,0.0,2.30525,-0.00876782,0.961757,1.72892,3345.8,0.980005,1.70759,0.0
9850.0,0.963018,1.7502,0.0,0.0,0.126158,2.12799,0.963018,1.7502,3356.73,0.980723,1.80071,0.0
9860.0,0.956307,1.77107,0.0,0.0,-0.671093,2.08698,0.956307,1.77107,3369.47,0.953334,1.57807,0.0
9870.0,0.964648,1.82244,0.0,0.0,0.834023,5.13683,0.964648,1.82244,3383.98,0.952562,1.98385,0.0
9880.0,0.958212,1.85789,0.0,0.0,-0.64354,3.54524,0.958212,1.85789,3400.77,0.862329,2.07149,0.0
9890.0,0.955448,1.93417,0.0,0.0,-0.276427,7.62744,0.955448,1.93417,3419.24,1.09141,2.09902,0.0
9900.0,0.913696,1.99748,0.0,0.0,-4.17524,6.33132,0.913696,1.99748,3438.13,0.865535,1.82056,0.0
9910.0,0.85121,1.9979,0.0,0.0,-6.24853,0.042294,0.85121,1.9979,3458.02,0.801718,1.97841,0.0
9920.0,0.846706,1.93223,0.0,0.0,-0.450439,-6.56735,0.846706,1.93223,3477.98,0.819277,2.02361,0.0
9930.0,0.842361,1.86041,0.0,0.0,-0.434499,-7.18209,0.842361,1.86041,3494.74,0.820518,1.76694,0.0
9940.0,0.823607,1.92901,0.0,0.0,-1.87534,6.85976,0.823607,1.92901,3509.1,0.996203,1.88599,0.0
9950.0,0.847197,1.91286,0.0,0.0,2.35895,-1.61429,0.847197,1.91286,3525.42,0.859655,1.72075,0.0
9960.0,0.928519,1.82999,0.0,0.0,8.13216,-8.28777,0.928519,1.82999,3545.05,0.824987,2.16832,0.0
9970.0,1.00895,1.82586,0.0,0.0,8.04289,-0.412506,1.00895,1.82586,3566.29,1.03178,1.94263,0.0
9980.0,1.02675,1.75908,0.0,0.0,1.78051,-6.67786,1.02675,1.75908,3587.09,1.03068,1.71872,0.0
9990.0,1.02749,1.75614,0.0,0.0,0.0735761,-0.293957,1.02749,1.75614,3607.07,1.0285,1.77182,0.0
10000.0,1.03099,1.75504,0.0,0.0,0.350145,-0.11031,1.03099,1.75504,3628.94,1.08889,1.73992,0.0
